#name zcmb zhel dz mb dmb x1 dx1 color dcolor 3rdvar d3rdvar cov_m_s cov_m_c cov_s_c set ra dec biascor 
0 0.0154 0.0154 0.0 14.8226378957 0.03045 0 0 0 0 0 0 0 0 0 0 0 0
1 0.0255 0.0255 0.0 15.9099787266 0.02315 0 0 0 0 0 0 0 0 0 0 0 0
2 0.0356 0.0356 0.0 16.6116991291 0.0239 0 0 0 0 0 0 0 0 0 0 0 0
3 0.047 0.047 0.0 17.2270183072 0.03485 0 0 0 0 0 0 0 0 0 0 0 0
4 0.0588 0.0588 0.0 17.6982676686 0.0409 0 0 0 0 0 0 0 0 0 0 0 0
5 0.0717 0.0717 0.0 18.2825112215 0.0622 0 0 0 0 0 0 0 0 0 0 0 0
6 0.0874 0.0874 0.0 18.6555484639 999.0 0 0 0 0 0 0 0 0 0 0 0 0
7 0.1041 0.1041 0.0 19.1016913506 0.13695 0 0 0 0 0 0 0 0 0 0 0 0
8 0.1222 0.1222 0.0 19.4323634199 999.0 0 0 0 0 0 0 0 0 0 0 0 0
9 0.1449 0.1449 0.0 19.8769918288 0.0462 0 0 0 0 0 0 0 0 0 0 0 0
10 0.1634 0.1634 0.0 19.9192176451 0.0771 0 0 0 0 0 0 0 0 0 0 0 0
11 0.1876 0.1876 0.0 20.4930012864 0.0374 0 0 0 0 0 0 0 0 0 0 0 0
12 0.2147 0.2147 0.0 20.7620416894 0.03695 0 0 0 0 0 0 0 0 0 0 0 0
13 0.2412 0.2412 0.0 21.0478114981 0.02765 0 0 0 0 0 0 0 0 0 0 0 0
14 0.2857 0.2857 0.0 21.4576156975 0.0335 0 0 0 0 0 0 0 0 0 0 0 0
15 0.3253 0.3253 0.0 21.8260133827 0.0196 0 0 0 0 0 0 0 0 0 0 0 0
16 0.3835 0.3835 0.0 22.2351603111 0.02725 0 0 0 0 0 0 0 0 0 0 0 0
17 0.4505 0.4505 0.0 22.6238484146 0.0257 0 0 0 0 0 0 0 0 0 0 0 0
18 0.5546 0.5546 0.0 23.1515621655 0.029 0 0 0 0 0 0 0 0 0 0 0 0
19 0.7045 0.7045 0.0 23.7960692541 0.03145 0 0 0 0 0 0 0 0 0 0 0 0
