CID	CIDint	IDSURVEY	TYPE	FIELD	zHD	zHDERR	z	zERR	HOST_LOGMASS	HOST_LOGMASS_ERR	SNRMAX1	SNRMAX2	SNRMAX3	PKMJD	PKMJDERR	x1	x1ERR	c	cERR	mB	mBERR	x0	x0ERR	COV_x1_c	COV_x1_x0	COV_c_x0	NDOF	FITCHI2	FITPROB	RA	DECL	TGAPMAX	MU	MUERR	MUERR_NOSIGMB	MURES	MUPULL	sbar	cbar	ERRCODE
2000cn	2000	62	0	NULL	0.02346753515303135	0.00001	0.02348	0.00001	11.147	3.261	98.7031	72.3827	63.8655	51707.816	0.071	-2.56446	0.1592	0.0874251	0.0287607	16.3403929442	0.0455997	0.00536812709158	0.000236118	0.000287096	-4.04187e-6	-5.3771e-6	32	25.4766	0.7863	269.425385	27.82572	27.82572	35.0076	0.063	0.063	-0.042	-0.67	-2.526	0.072	0
2006ac	2006	64	0	NULL	0.02385568432509899	0.00001	0.0233	0.00001	10.981	0.096	71.4254	66.6603	58.8265	53781.848	0.088	-1.03173	0.0689991	0.0521779	0.0263518	15.954652216	0.0307121	0.00765853080724	0.000223969	-0.0000393114	-1.38756e-6	-5.28629e-6	49	69.3327	0.0364543	190.437057	35.068871	35.068871	34.9456	0.0567	0.0567	-0.087	-1.536	-1.005	0.014	0
2006sr	2006	64	0	NULL	0.023879213258624077	0.00001	0.02327	0.00001	10.779	0.022	62.5141	52.6277	47.6266	54092.832	0.126	-1.42787	0.1185	0.007305	0.0319816	15.9337099842	0.0635205	0.00780766957863	0.00047652	0.000108664	-1.20448e-6	-0.0000118448	34	38.0394	0.3327	0.89593	23.19602	23.19602	35.0083	0.0651	0.0651	-0.022	-0.331	-1.418	-0.001	0
1998eg	1998	62	0	NULL	0.0239144004881382	0.00001	0.0234	0.00001	11.117	0.02	98.7044	63.866	57.1457	51111.25	0.01	-0.499256	0.2823	0.00315026	0.0349562	15.9056983226	0.0798044	0.00801143470014	0.000618458	0.000262932	1.32321e-6	-0.0000169351	8	4.7169	0.8583	339.873993	8.60426	8.60426	35.1232	0.0763	0.0763	0.081	1.062	-0.639	0.023	0
2007	2007	64	0	NULL	0.024011123925447464	0.00001	0.0242	0.00001	10.302	0.123	100	76.9289	58.8281	54124.004	0.046	0.5361	0.0424548	-0.0342581	0.0258084	15.674371856799999	0.0295838	0.00991440429693	0.00027547	-0.000135593	7.79053e-8	-6.0716e-6	65	66.2527	0.4335	195.812744	50.618759	50.618759	35.1528	0.0578	0.0578	0.036	0.628	0.529	-0.019	0
2009D	2009	65	1	NULL	0.024192582815885544	0.00001	0.02505	0.00001	10.568	3.877	56.1798	52.6315	49.7513	54841.938	0.314	0.4618	0.119	-0.0454479	0.029972	15.4972137677	0.0475624	0.01167137868	0.000525068	-0.000140257	2.68225e-6	-0.000012689	43	35.1893	0.8259	58.59507	-18.818178	-18.818178	34.9999	0.0635	0.0635	-0.193	-3.039	0.566	-0.124	0
2000bh	2000	50	0	NULL	0.0242	0.00001	0.0242	0.00001	9.579	4.774	108.5762	108.5736	90.4755	51636.809	0.282	-0.117336	0.0711034	0.0164907	0.0275857	15.6734434661	0.0441512	0.00938890291459	0.000395613	-0.000502072	-1.18659e-6	-8.16042e-6	23	25.4043	0.3841	185.312347	-22.002331	17.7311	34.9631	0.0643	0.0643	-0.153	-2.387	-0.027	-0.039	0
2000ca	2000	50	0	NULL	0.02453	0.00001	0.02362	0.00001	10.277	4.204	98.7045	90.4813	90.4801	51666.656	0.128	0.5164	0.0713639	-0.0937613	0.0279663	15.317302522299999	0.0500135	0.0137739974272	0.000637831	-0.000300427	3.91909e-6	-0.0000136273	35	56.5435	0.0159099	203.842224	-34.164322	15.5622	34.9775	0.0605	0.0605	-0.085	-1.412	0.548	-0.127	0
1993H	1993	50	0	NULL	0.0248	0.00001	0.0248	0.00001	10.783	3.608	36.1924	36.1923	36.1917	49067.613	0.255	-2.05017	0.0591228	0.0828289	0.0296311	16.447921973	0.0499562	0.00486213121059	0.000235077	-0.000370002	6.42151e-7	-5.19095e-6	51	78.0478	0.0111913	208.209335	-30.712469	7.0746	35.2013	0.066	0.066	0.031	0.465	-2.06	0.094	0
2002bf	2002	50	0	NULL	0.024813801050186157	0.00001	0.0242	0.00001	10.736	0.032	60.3184	37.4394	31.9333	52339.211	0.346	-0.32004	0.1313	0.1589	0.0317183	16.1276277185	0.0475096	0.00653025028396	0.000299733	0.000524362	-0.000014035	-7.59791e-6	32	43.0719	0.1127	153.919144	55.670471	8.6882	34.8875	0.0697	0.0697	-0.229	-3.287	-0.172	0.074	0
2008bf	2008	64	0	NULL	0.02487759105861187	0.00001	0.0253	0.00001	11.146	0.496	58.8282	47.6202	47.6182	54555.059	0.096	0.3138	0.0717166	-0.0200002	0.0264744	15.509730007	0.0348089	0.0115378479475	0.000380508	-0.0000109459	-2.48224e-6	-9.31268e-7	46	61.9094	0.0711759	181.011993	20.245081	20.245081	34.9128	0.0875	0.0875	-0.302	-3.453	0.353	-0.103	0
1994M	1994	61	0	NULL	0.024900777265429497	0.00001	0.02308	0.00001	11.348	0.016	54.2883	54.2861	54.286	49475.621	0.264	-1.42707	0.090156	0.0416701	0.0286304	16.054461558	0.0364807	0.00698580958655	0.000242804	-0.0000808155	8.11955e-7	-5.37419e-6	36	54.8412	0.0296348	187.782288	0.60278	0.60278	35.0227	0.0657	0.0657	0.011	0.166	-1.43	0.046	0
2002he	2002	63	0	NULL	0.025239121168851852	0.00001	0.0247	0.00001	10.29	4.101	50	47.6087	47.6084	52586.211	0.117	-1.83208	0.1878	-0.0345757	0.0339764	16.0328484351	0.0505052	0.00712643369179	0.00034315	0.00238439	-0.0000377631	-9.6663e-6	22	13.3054	0.9243	124.995018	62.82048	62.82048	35.1807	0.0702	0.0702	0.019	0.27	-1.844	-0.028	0
2003it	2003	63	0	NULL	0.02524450607597828	0.00001	0.02401	0.00001	11.261	0.024	47.616	41.6588	32.2571	52935.242	0.35	-1.60303	0.1668	0.0421561	0.0328817	16.1689550321	0.0529139	0.00628641814627	0.000319548	0.000106753	-7.33834e-6	-8.10906e-6	8	15.1096	0.05705	1.45218	27.452391	27.452391	35.1111	0.0746	0.0746	0.012	0.161	-1.612	0.046	0
2007cq	2007	64	0	NULL	0.025469083338975906	0.00001	0.02633	0.00001	10.093	0.148	76.9429	71.4317	58.8306	54281.008	0.074	-0.696324	0.1215	-0.0403715	0.0302369	15.5945808714	0.0685518	0.0106699289984	0.000700858	0.0000676404	-1.71091e-6	-0.0000176548	33	53.1993	0.0191234	333.668427	5.08016	5.08016	34.9194	0.0549	0.0549	-0.384	-6.989	-0.437	-0.172	0
2006bb	2006	64	0	NULL	0.025775371119379997	0.00001	0.02471	0.00001	10.945	0.438	62.5154	58.8189	52.6179	53813.906	0.612	-2.23455	0.2061	-0.0374081	0.0552951	16.113961724800003	0.0894427	0.00661321451723	0.000574366	0.00513017	-0.0000539542	-0.0000284456	15	9.3061	0.9003	128.379562	41.51783	41.51783	35.2143	0.0904	0.0904	0.052	0.571	-2.228	-0.012	0
2002de	2002	63	0	NULL	0.02601063996553421	0.00001	0.02784	0.00001	10.66	0.125	83.3274	76.9185	62.5041	52434.008	0.173	0.4576	0.3452	0.1136	0.0269689	16.472631954500002	0.0316907	0.00475294609163	0.000143832	0.00250072	-0.0000150254	-3.39326e-6	13	9.4841	0.7988	244.126389	35.708359	35.708359	35.4817	0.0663	0.0663	0.055	0.83	0.306	0.127	0
1992P	1992	50	0	NULL	0.0263	0.00001	0.0263	0.00001	10.475	0.399	36.1915	35.0253	-99	48719.777	0.379	0.146	0.2744	-0.0820243	0.0425169	15.8129427488	0.0356604	0.00872647759912	0.000287892	-0.00092588	1.08971e-6	-9.49095e-6	12	16.4137	0.2275	190.704086	10.35077	29.9924	35.3848	0.1165	0.1165	0.084	0.723	0.065	-0.054	0
2005mc	2005	64	0	NULL	0.026335274800658226	0.00001	0.02515	0.00001	10.891	0.474	71.4134	66.6479	62.4929	53733.84	0.161	-2.67613	0.1234	0.2362	0.0305096	17.0634383406	0.0416488	0.00275807686317	0.000111321	-0.0000774546	-8.24968e-7	-2.64759e-6	30	52.257	0.00984345	126.776154	21.64628	21.64628	35.2538	0.0697	0.0697	0.051	0.73	-2.704	0.256	64
1999X	1999	62	0	NULL	0.026509160175919533	0.00001	0.02504	0.00001	10.329	0.047	35.0237	28.5725	26.4811	51208.23	0.079	-0.539519	0.5323	0.0184789	0.0507094	16.073410641800002	0.1088	0.00686496330614	0.000734356	0.0119014	-0.00014634	-0.0000181809	11	3.6761	0.9886	133.632263	36.51474	36.51474	35.2378	0.1486	0.1486	0.046	0.308	-0.592	0.025	0
2000bk	2000	50	0	NULL	0.0266	0.00001	0.0266	0.00001	10.522	3.905	361.9107	217.1508	155.1042	51647.652	0.266	-1.98485	0.112	0.093215	0.0322471	16.709099538700002	0.0463929	0.00382246799852	0.000171152	0.000104355	-8.3789e-6	-4.1962e-6	20	25.4866	0.2267	188.47374	-7.38124	8.7668	35.4395	0.0761	0.0761	0.114	1.495	-2.059	0.132	0
2005ms	2005	64	0	NULL	0.02663096785545349	0.00001	0.0259	0.00001	10.635	0.138	83.3475	76.9347	76.9256	53744.191	0.065	0.4133	0.0800176	-0.0289179	0.0268724	15.933689895699999	0.0357405	0.00780802838689	0.000264132	-0.0000413322	-2.42392e-6	-5.80363e-6	26	30.9504	0.2301	132.309677	36.129639	36.129639	35.3783	0.0595	0.0595	0.112	1.876	0.371	0.016	0
2005na	2005	64	0	NULL	0.027069352567195892	0.00001	0.02629	0.00001	11.551	2.938	76.9375	71.4147	58.8155	53741.461	0.453	-0.417606	0.1068	-0.0314872	0.0321055	15.849246751399999	0.0605341	0.00843895590486	0.000488187	-0.000438062	9.20468e-6	-0.0000123631	27	43.0958	0.03407	105.402748	14.13299	14.13299	35.1856	0.0653	0.0653	-0.114	-1.749	-0.37	-0.077	0
2007co	2007	64	0	NULL	0.027470868080854416	0.00001	0.02658	0.00001	10.58	3.565	83.3573	76.9338	66.6539	54265.148	0.061	-0.223007	0.0646051	0.0764583	0.0312621	16.2662638098	0.0715239	0.00574786143744	0.000401312	-6.73969e-6	-1.68518e-8	-9.92256e-6	74	85.7565	0.1858	275.765015	29.897051	29.897051	35.2952	0.0601	0.0601	-0.029	-0.481	-0.218	0.067	0
2007su	2007	65	1	NULL	0.02749389410018921	0.00001	0.02784	0.00001	9.084	0.081	55.8659	49.5049	26.738	54460.504	0.649	0.3129	0.3435	0.1885	0.0362667	16.623180946599998	0.0691487	0.00391488874854	0.000263655	0.00191589	1.00326e-6	-7.7925e-6	10	3.719	0.9774	334.787018	13.177747	13.177747	35.4398	0.0718	0.0718	0.013	0.183	0.289	0.192	0
1996C	1996	61	0	NULL	0.027558131143450737	0.00001	0.027	0.00001	10.114	0.349	49.3519	31.0216	24.676	50129.602	0.348	0.6502	0.13	0.0468935	0.0290526	16.3992212984	0.0344452	0.0050851968793	0.000167074	-0.000595281	3.77804e-6	-3.95303e-6	36	42.3888	0.2498	207.751587	49.341251	49.341251	35.6421	0.0691	0.0691	0.283	4.1	0.449	0.157	0
2005eq	2005	64	0	NULL	0.02762594260275364	0.00001	0.0284	0.00001	10.918	0.499	76.9303	71.433	66.6766	53654.777	0.091	1.2704	0.0782588	0.010671	0.0286346	16.0896517195	0.0514953	0.00676304203497	0.000333507	-0.000380833	1.02693e-6	-7.64719e-6	66	46.0239	0.9765	47.20565	-7.0334	-7.0334	35.5316	0.0595	0.0595	0.061	1.022	1.239	0.034	0
2006ev	2006	64	0	NULL	0.027954697608947754	0.00001	0.0268	0.00001	10.347	4.225	45.4527	39.9935	37.0336	53988.516	0.951	-1.42759	0.2026	0.035843	0.0510915	16.6669369821	0.1087	0.0039739801305	0.000424866	0.000657518	-0.0000175264	-0.0000115527	18	12.1976	0.877	322.747192	13.98925	13.98925	35.6531	0.1434	0.1434	0.311	2.167	-1.556	0.109	0
2003U	2003	63	0	NULL	0.02854849584400654	0.00001	0.0255	0.00001	10.668	0.043	76.8939	71.4325	66.6775	52677.484	0.145	-2.10171	0.3268	-0.0214687	0.0337058	16.274298442600003	0.0418028	0.00570532200488	0.000227378	0.00330852	-0.0000330555	-6.40847e-6	7	3.6514	0.8189	260.690125	62.16407	62.16407	35.3438	0.0788	0.0788	0.112	1.415	-2.297	0.011	0
2009ad	2009	65	1	NULL	0.028600258752703667	0.00001	0.02839	0.00001	10.654	3.89	62.1116	57.1427	50.7614	54886.582	0.12	0.1771	0.0746317	-0.0620719	0.0317793	15.9030136274	0.0719432	0.00803109569097	0.000549381	-0.000129176	4.56355e-7	-0.0000140313	48	23.7891	0.9991	75.889137	6.65995	6.65995	35.4175	0.0605	0.0605	-0.053	-0.868	0.194	-0.08	0
1994Q	1994	61	0	NULL	0.028705155476927757	0.00001	0.02946	0.00001	10.156	0.113	36.1915	27.1442	27.1436	49496.539	0.548	0.8489	0.2995	0.0389745	0.0400216	16.146265159000002	0.0671464	0.00641941179749	0.000417175	0.00461878	-0.0000610464	-0.0000139925	23	4.5463	1	252.475555	40.428181	40.428181	35.4415	0.0796	0.0796	-0.111	-1.389	1.	0.005	0
2007is	2007	65	1	NULL	0.028778569772839546	0.00001	0.02953	0.00001	10.701	0.087	49.7514	47.619	45.2488	54366.711	0.577	-0.411004	0.1825	0.0346866	0.0316595	16.2406513745	0.0396009	0.00588476512266	0.000223169	-0.0014824	0.0000100529	-5.93311e-6	13	14.283	0.4288	251.810867	40.243443	40.243443	35.3728	0.0772	0.0772	-0.185	-2.39	-0.18	-0.035	0
2008ar	2008	65	1	NULL	0.028836451470851898	0.00001	0.02617	0.00001	10.409	0.402	65.3595	60.6059	58.1396	54534.723	0.072	0.0198121	0.0707282	-0.0392816	0.0268539	16.0117685866	0.036209	0.00726595379943	0.000248287	-0.000102197	-5.8883e-7	-5.34877e-6	40	28.3712	0.9157	186.158005	10.837983	10.837983	35.4335	0.0597	0.0597	0.144	2.41	-0.024	0.019	0
2006qo	2006	64	0	NULL	0.029075495898723602	0.00001	0.03003	0.00001	11.22	3.401	62.5044	55.562	52.649	54083.039	0.068	0.3931	0.0628048	0.1931	0.0277298	16.6460571186	0.0385403	0.00405110045295	0.000150507	-0.0000712409	-8.00936e-7	-3.3508e-6	45	55.4833	0.1595	120.035088	56.368679	56.368679	35.3997	0.0604	0.0604	-0.195	-3.227	0.446	0.113	0
2007cc	2007	65	1	NULL	0.029273683205246925	0.00001	0.02908	0.00001	11.237	3.402	52.6315	40.8164	34.3643	54216.293	0.036	1.7692	0.6914	0.1132	0.0544276	16.0194348207	0.0952271	0.00721463298708	0.00067928	0.0256433	-0.00032341	-0.0000336184	15	27.6717	0.0345942	212.175217	-20.403473	-20.403473	35.2134	0.0911	0.0911	-0.31	-3.403	3.124	0.093	0
2002ck	2002	63	0	NULL	0.029977530241012573	0.00001	0.0298	0.00001	10.924	0.153	83.3517	83.3044	76.8889	52396.902	0.541	0.1312	0.0892005	-0.0415141	0.0315873	16.1064544014	0.0717399	0.0066594230888	0.000458059	-0.000343909	5.68428e-6	-0.0000111368	14	27.4635	0.025179	236.753174	-0.99026	-0.99026	35.5506	0.0641	0.0641	-0.027	-0.42	0.14	-0.051	0
2004ef	2004	64	0	NULL	0.03002413548529148	0.00001	0.03097	0.00001	10.974	0.03	41.6755	38.4722	35.7053	53265.086	0.476	-1.77974	0.1941	0.106	0.0347364	16.7098419722	0.0483368	0.00382003887654	0.000178641	0.000293963	-7.61065e-6	-4.72357e-6	10	3.2522	0.987	340.541748	19.99441	19.99441	35.4292	0.0833	0.0833	-0.234	-2.807	-1.559	0.026	0
1990O	1990	50	0	NULL	0.0306	0.00001	0.0306	0.00001	11.269	3.318	36.1917	36.1908	36.1908	48076.871	0.417	0.5124	0.1813	-0.0500879	0.0330681	15.9971682787	0.065779	0.00736421611243	0.000463041	-0.000383357	1.52024e-6	-0.0000116953	11	4.0483	0.9825	258.908173	16.31698	10.7037	35.5214	0.0734	0.0734	-0.115	-1.566	0.632	-0.087	0
2007ux	2007	65	1	NULL	0.03065018355846405	0.00001	0.0307	0.00001	10.345	0.122	43.4783	42.5532	26.455	54465.805	0.309	-2.50437	0.1031	0.1732	0.0357183	17.230371477400002	0.0509393	0.00236513091428	0.000119025	-0.000416998	7.95e-8	-3.53052e-6	57	93.1936	0.00176045	152.333084	14.992519	14.992519	35.64	0.0759	0.0759	-0.005	-0.063	-2.502	0.171	64
2001ba	2001	50	0	NULL	0.03067	0.00001	0.02956	0.00001	11.461	3.105	72.3819	47.2047	-99	52034.816	0.138	0.1532	0.0915428	-0.178512	0.0407083	15.836016821	0.0491061	0.00854284862125	0.000359582	-0.000733844	2.19903e-6	-0.0000100563	54	70.5655	0.0645277	174.507462	-32.32893	3.9345	35.708	0.104	0.104	0.148	1.427	0.11	-0.125	0
1999cc	1999	62	0	NULL	0.03139328956604004	0.00001	0.03126	0.00001	11.142	0.368	120.6358	98.7019	98.7017	51315.914	0.133	-1.60679	0.0754	-0.0079726	0.0263703	16.5613791283	0.0312053	0.00437989714952	0.000129878	-0.000167239	5.05001e-7	-2.847e-6	47	34.1736	0.9187	240.675751	37.354771	37.354771	35.6583	0.0597	0.0597	-0.025	-0.427	-1.598	-0.019	0
2006en	2006	64	0	NULL	0.03148936480283737	0.00001	0.03194	0.00001	11.058	0.04	66.6795	62.5129	58.8471	53973.148	0.447	-0.439125	0.1055	0.0508406	0.0304449	16.601691064100002	0.0546958	0.00422009997808	0.000223467	-0.000625793	6.00024e-6	-5.50502e-6	29	58.5368	0.0013794	347.521057	30.22328	30.22328	35.6798	0.0613	0.0613	-0.053	-0.864	-0.412	0.029	64
2007bd	2007	64	0	NULL	0.03164249286055565	0.00001	0.032	0.00001	9.574	0.045	100	90.9292	90.8957	54206.516	0.059	-1.42078	0.0667814	-0.0297442	0.0269797	16.3136708379	0.034918	0.00520619972376	0.000173204	-0.000153937	-1.30095e-8	-3.79178e-6	30	29.1832	0.5597	127.889061	-1.19937	-1.19937	35.5642	0.0602	0.0602	-0.172	-2.852	-1.368	-0.101	0
2002hd	2002	63	0	NULL	0.031893376260995865	0.00001	0.03083	0.00001	10.678	4.064	71.4116	66.678	62.4845	52576.066	0.019	-0.807074	0.4211	0.011342	0.0277472	16.5609737664	0.0446735	0.00438155168169	0.000187408	0.00176892	-0.0000120529	-3.53619e-6	11	32.0545	0.00135724	133.514023	-7.1893	-7.1893	35.71	0.0831	0.0831	0.056	0.671	-0.988	0.022	64
2007aj	2007	65	1	NULL	0.03208862617611885	0.00001	0.031	0.00001	8.008	0.154	57.8036	53.7634	48.3093	54160.578	0.392	-0.401822	0.0951954	-0.0592102	0.0309032	16.260893260899998	0.046461	0.0054658008141	0.000240891	-0.000330373	-1.81675e-6	-6.14311e-6	39	34.689	0.7078	191.977173	54.010578	54.010578	35.7453	0.0668	0.0668	0.08	1.199	-0.449	-0.028	0
2007ob	2007	65	1	NULL	0.032178737223148346	0.00001	0.03393	0.00001	-1.	1.	33.0032	31.7461	27.4725	54402.391	0.941	-0.550115	0.2669	0.2359	0.0389992	17.0676151212	0.0842802	0.00267262719348	0.000225502	-0.000302297	5.53464e-6	-6.69814e-6	23	11.7821	0.9823	348.108276	13.913647	13.913647	35.5865	0.0847	0.0847	-0.279	-3.301	-0.211	0.156	0
2004as	2004	63	0	NULL	0.03257923573255539	0.00001	0.03139	0.00001	9.369	0.06	47.6302	41.6597	35.7216	53086.332	0.153	0.409	0.1444	0.0313748	0.0280725	16.686984628799998	0.0321745	0.00369153435945	0.000113219	0.00016576	-3.31905e-6	-2.72887e-6	16	22.1312	0.1797	171.413269	22.83029	22.83029	36.0042	0.0652	0.0652	0.311	4.776	0.162	0.149	0
1991U	1991	50	0	NULL	0.0327	0.00001	0.0327	0.00001	10.855	3.751	36.1923	36.1919	36.1915	48356.168	0.521	0.365	0.1763	0.0488179	0.0357321	16.253193201000002	0.0657609	0.0058172975462	0.000370972	0.00035599	-8.78005e-6	-0.0000115224	19	15.1178	0.7151	200.841415	-26.120119	6.7783	35.4501	0.067	0.067	-0.334	-4.981	0.73	-0.082	0
2008bq	2008	5	1	NULL	0.03270907327532768	0.00001	0.0346	0.00001	10.726	3.962	166.6673	166.6671	166.6664	54563.629	0.084	0.3774	0.0420413	0.0385609	0.0261964	16.4735956692	0.0589675	0.0047484960218	0.00027095	-0.000294038	2.34288e-6	-5.3923e-6	60	67.4347	0.2666	100.260002	-38.038601	-38.038601	35.7041	0.0541	0.0541	-0.205	-3.797	0.421	-0.027	0
2007ai	2007	64	0	NULL	0.03284803032875061	0.00001	0.03203	0.00001	11.223	3.467	50.0058	47.6312	37.0528	54174.094	0.395	1.3928	0.2416	0.155	0.0568533	16.7057550888	0.1795	0.00383443737279	0.000709501	-0.00118166	3.74599e-6	-0.0000357921	26	47.9358	0.00780582	243.223923	-21.630159	-21.630159	35.7174	0.1023	0.1023	-0.022	-0.212	1.415	0.155	64
2006te	2006	64	0	NULL	0.03291890397667885	0.00001	0.03155	0.00001	10.569	0.056	52.641	50.0125	34.4849	54097.164	0.389	-0.133145	0.1042	-0.0546156	0.0309226	16.3289604729	0.0467755	0.00542508014514	0.000240432	-0.000277314	-2.31544e-7	-5.05831e-6	39	41.3425	0.4118	122.929008	41.554668	41.554668	35.7768	0.0755	0.0755	0.073	0.961	-0.164	-0.03	0
2008gl	2008	65	1	NULL	0.03323329612612724	0.00001	0.03411	0.00001	11.122	0.432	56.1798	53.1915	52.3562	54768.488	0.101	-1.45801	0.0979702	-0.0162311	0.0282368	16.5944169506	0.0342505	0.00424844963331	0.00013896	-0.000107195	-1.26251e-6	-3.21661e-6	29	14.1439	0.9906	20.228416	4.805339	4.805339	35.7378	0.0648	0.0648	-0.14	-2.161	-1.391	-0.072	0
2008bw	2008	65	1	NULL	0.03342850133776665	0.00001	0.03313	0.00001	10.24	4.496	38.61	27.027	16.2338	54565.477	0.779	-1.5474	0.245	-0.183694	0.0623451	16.3046991376	0.1099	0.0055478795395	0.000559665	0.00249474	-0.0000621293	-0.0000289154	15	10.957	0.8121	276.710175	51.137894	51.137894	35.9547	0.1292	0.1292	0.142	1.097	-1.655	-0.133	0
2005iq	2005	64	0	NULL	0.03353433310985565	0.00001	0.0337	0.00001	10.66	4.028	50	43.4713	38.4506	53687.82	0.146	-1.12129	0.1146	-0.07006	0.0276122	16.6039387072	0.0322679	0.00421133683326	0.000127536	-0.0000954516	-5.91041e-7	-3.02098e-6	40	30.0906	0.8955	359.635101	-18.70916	-18.70916	35.9613	0.0629	0.0629	0.11	1.755	-1.184	-0.026	0
2004L	2004	63	0	NULL	0.033951226621866226	0.00001	0.03229	0.00001	10.621	0.054	52.6207	40.0058	34.4882	53031.816	0.731	-1.192	0.2854	0.1937	0.032227	17.1948988406	0.0447794	0.00244369628717	0.000105922	0.000407525	-2.5549e-6	-2.54806e-6	17	36.7581	0.0056341	156.767197	16.018829	16.018829	35.7247	0.0821	0.0821	-0.032	-0.394	-1.138	0.184	64
2008af	2008	64	0	NULL	0.034148912876844406	0.00001	0.0346	0.00001	11.359	0.434	71.4361	71.4358	58.8155	54502.812	0.65	-1.55549	0.1418	0.013129	0.0327998	16.6933673919	0.0658949	0.00387853061834	0.000248055	0.000325656	-3.67827e-6	-4.07772e-6	24	18.7528	0.8088	224.868713	16.653271	16.653271	35.732	0.0921	0.0921	-0.178	-1.927	-1.496	-0.032	0
2005be	2005	5	1	NULL	0.0341978520154953	0.00001	0.035	0.00001	11.342	0.452	58.8238	58.8237	58.8236	53459.609	0.254	-1.85482	0.0636309	-0.118227	0.0272797	16.5000154942	0.042102	0.00463457118169	0.000176361	0.000230572	-3.99449e-6	-3.40315e-6	46	23.7589	0.9981	224.886002	16.669901	16.669901	35.904	0.0637	0.0637	-0.031	-0.489	-1.849	-0.13	0
1997dg	1997	62	0	NULL	0.03424549102783203	0.00001	0.0346	0.00001	9.566	0.145	90.477	63.8657	51.7007	50720.781	0.287	-0.279164	0.1771	-0.0288146	0.0310033	16.571538028099997	0.0563695	0.00410561182946	0.000221634	-0.000231459	2.37842e-6	-5.1699e-6	14	16.7481	0.3341	355.052948	26.205219	26.205219	35.979	0.0695	0.0695	0.069	0.998	-0.342	-0.006	0
2003cq	2003	63	0	NULL	0.03425861522555351	0.00001	0.0333	0.00001	11.224	0.044	62.5168	58.8452	-99	52739.727	0.162	-0.735469	0.1663	0.0725437	0.0513052	16.936774496	0.0597989	0.00309956680513	0.000180316	-0.000291518	-2.81375e-6	-8.64078e-6	12	31.1503	0.00320513	179.058975	60.522129	60.522129	35.9061	0.1077	0.1077	0.081	0.748	-0.776	0.109	64
1996bl	1996	61	0	NULL	0.03427398204803467	0.00001	0.036	0.00001	10.563	0.031	63.866	51.7015	45.2381	50377.113	0.153	-0.140253	0.11	-0.0260752	0.0315484	16.4599319303	0.0631532	0.00480870790843	0.000292957	0.000158019	-1.94441e-6	-7.19158e-6	27	46.4211	0.0157571	9.07365	11.39695	11.39695	35.8183	0.064	0.064	-0.18	-2.807	-0.068	-0.09	0
2006gr	2006	64	0	NULL	0.034353695809841156	0.00001	0.03518	0.00001	11.377	0.026	76.9086	62.5229	55.5621	54013.363	0.066	0.8083	0.0723355	0.090836	0.0294344	16.781912368300002	0.0578745	0.00357468807944	0.000200887	-0.000201311	3.65229e-7	-4.62884e-6	53	72.2214	0.0407027	338.094482	30.828831	30.828831	35.9107	0.0598	0.0598	-0.036	-0.601	0.821	0.077	0
2003iv	2003	63	0	NULL	0.03494434803724289	0.00001	0.0356	0.00001	10.608	4.08	62.4711	55.5505	55.5408	52934.164	0.289	-2.0999	0.192	-0.0755553	0.0371023	16.7687417126	0.0827509	0.00361821707724	0.000284876	-0.000238749	1.32139e-6	-8.34858e-6	8	4.3831	0.8844	42.530182	12.84591	12.84591	36.0062	0.0763	0.0763	0.033	0.434	-2.13	-0.066	0
2002G	2002	63	0	NULL	0.03506157547235489	0.00001	0.03365	0.00001	10.912	0.021	50.0052	32.2584	27.0329	52300.078	0.51	-1.5117	0.4392	0.2214	0.0413629	17.4052060635	0.0647687	0.00201338406738	0.000129249	0.00510795	-0.0000442091	-3.90545e-6	5	7.2101	0.2055	196.980347	34.0853	34.0853	35.8044	0.1194	0.1194	-0.043	-0.362	-1.403	0.214	0
2008at	2008	65	1	NULL	0.03530632331967354	0.00001	0.035	0.00001	11.489	3.291	41.4937	21.3675	19.2307	54526.59	1.002	-1.54484	0.1975	0.2329	0.0531759	17.4101462834	0.09819	0.00200423014283	0.000198836	-0.00205291	4.41749e-6	-6.82986e-6	28	23.6331	0.7468	156.801956	71.415428	71.415428	35.769	0.1331	0.1331	-0.166	-1.248	-1.456	0.182	0
1992bg	1992	50	0	NULL	0.03568	0.00001	0.0352	0.00001	10.057	4.656	36.1915	36.1914	-99	48916.652	0.461	-0.463251	0.1218	-0.0431583	0.0530719	16.5211837825	0.1152	0.00454503419556	0.00051379	-0.001352	9.43578e-6	-0.0000197651	21	16.0637	0.8127	115.576599	-62.499352	13.4938	35.8873	0.117	0.117	-0.061	-0.518	-0.445	-0.062	0
2006mo	2006	64	0	NULL	0.036762088537216187	0.00001	0.03677	0.00001	11.009	0.458	58.8339	58.8037	55.5756	54047.641	0.275	-2.20738	0.1152	0.0399716	0.0312978	17.228531239600002	0.0453772	0.00236923330184	0.000104222	-0.000271327	9.303e-7	-1.23012e-6	22	24.3137	0.331	11.66033	36.332691	36.332691	36.0927	0.0926	0.0926	0.048	0.514	-2.22	0.054	0
2007O	2007	64	0	NULL	0.03704014793038368	0.00001	0.03641	0.00001	10.984	0.03	66.6542	58.8307	52.6262	54125.801	0.363	-0.565131	0.1076	-0.0142254	0.0298752	16.6157654354	0.0394513	0.00416590236455	0.000156843	-0.000659723	4.4523e-6	-3.93079e-6	34	52.0118	0.0320777	224.0215	45.404831	45.404831	35.8779	0.0661	0.0661	-0.145	-2.197	-0.481	-0.076	0
2007cb	2007	65	1	NULL	0.03709523379802704	0.00001	0.0364	0.00001	10.759	4.072	50.0002	42.5532	39.2157	54214.785	0.781	1.1331	0.3987	-0.0788424	0.0585598	16.36866926	0.1052	0.00523016748606	0.000527802	0.0127154	-0.000116369	-0.0000285246	15	3.7765	0.9992	209.571655	-22.627312	-22.627312	36.0689	0.0842	0.0842	0.046	0.551	1.089	-0.06	0
2000cf	2000	62	0	NULL	0.037159860134124756	0.00001	0.03711	0.00001	9.327	5.504	120.6377	83.5185	60.3186	51673.238	0.275	-0.518342	0.0833375	-0.0293794	0.0280093	16.7763619342	0.0385597	0.00339977899075	0.000124733	-0.00023606	2.06229e-6	-2.74446e-6	42	72.1807	0.00349977	238.248276	65.93782	65.93782	36.1521	0.062	0.062	0.085	1.374	-0.541	0.006	64
2002bz	2002	63	0	NULL	0.03801869601011276	0.00001	0.03718	0.00001	11.033	0.443	47.6393	32.2536	27.7911	52366.812	1.012	-1.17969	0.2361	-0.114585	0.0462734	16.6544176338	0.0857317	0.0040201209778	0.000317865	-0.0000408701	7.41657e-6	-0.000011744	5	2.1902	0.9014	216.168854	26.626471	26.626471	36.1416	0.0941	0.0941	0.072	0.763	-1.227	-0.087	0
1999ef	1999	62	0	NULL	0.03813815116882324	0.00001	0.03908	0.00001	11.09	0.483	98.703	67.8603	60.3181	51457.836	0.601	0.2868	0.158	-0.0313233	0.0336903	16.870758988200002	0.0720721	0.00329387633987	0.000230032	-0.000367	8.62004e-6	-6.19775e-6	8	9.1787	0.4209	14.69302	12.74204	12.74204	36.3052	0.0633	0.0633	0.124	1.961	0.232	0.016	0
2006je	2006	64	0	NULL	0.03832492604851723	0.00001	0.0362	0.00001	11.523	0.025	45.4576	33.3371	14.7107	54010.07	0.652	-2.27947	0.2232	0.0342238	0.0716597	17.3234732794	0.1134	0.00217075085539	0.000245046	0.00676045	-0.0000327384	-0.0000162395	15	15.886	0.4609	27.72193	33.098129	33.098129	36.1954	0.1171	0.1171	0.185	1.582	-2.312	0.126	0
2008gb	2008	65	1	NULL	0.03850558400154114	0.00001	0.037	0.00001	10.109	4.629	34.7221	34.1295	32.2581	54747.047	0.032	0.078946	0.2697	-0.0213299	0.0440703	16.7760585812	0.1184	0.0035940582413	0.000421114	-0.000388796	5.36684e-7	-0.0000155092	32	15.6225	0.9955	44.488087	46.865608	46.865608	36.1504	0.0867	0.0867	0.091	1.054	-0.056	-0.005	0
1990Y	1990	50	0	NULL	0.0388	0.00001	0.0388	0.00001	9.468	5.379	32.9013	31.9344	27.8394	48117.039	0.707	-0.287568	0.204	0.2195	0.0346189	17.262737423199997	0.0666798	0.00217219951168	0.000145877	-0.00021162	-7.37343e-6	-3.97159e-6	17	27.1985	0.0753465	54.34911	-33.04121	6.7837	35.8992	0.081	0.081	-0.266	-3.283	0.126	0.148	0
2006cz	2006	64	0	NULL	0.0394107922911644	0.00001	0.0383	0.00001	10.668	4.255	66.6821	52.654	52.6282	53906.676	0.026	1.5335	0.4528	0.175	0.0384907	16.8347308765	0.0620481	0.00340484386138	0.000205657	-0.00198604	1.6493e-6	-5.42503e-6	5	21.7006	0.00137176	222.152679	-4.74192	-4.74192	35.8041	0.1158	0.1158	-0.333	-2.877	2.387	0.097	64
2008051	2008051	65	1	NULL	0.03985713794827461	0.00001	0.0385	0.00001	-9	-9	57.1429	45.4545	37.037	54616.691	0.333	0.7714	0.1357	-0.106792	0.0299714	16.3404994639	0.041998	0.00522162480994	0.000199902	-0.0000831352	-2.79103e-6	-4.42469e-6	41	64.4747	0.0144422	229.995499	4.904647	4.904647	36.1067	0.0725	0.0725	-0.041	-0.566	0.799	-0.122	0
2007ba	2007	64	0	NULL	0.03996822237968445	0.00001	0.03825	0.00001	11.204	0.425	45.451	45.4467	32.2461	54189.922	0.849	-2.99177	0.2289	-0.265063	0.0855713	16.165079887700003	0.1301	0.00630919310137	0.000574174	0.00593396	-0.000015353	-0.0000484919	21	5.6234	0.9998	229.177414	7.39664	7.39664	35.8651	0.1622	0.1622	-0.268	-1.653	-3.078	-0.407	0
1990T	1990	50	0	NULL	0.0401	0.00001	0.0401	0.00001	10.522	4.31	35.0242	35.0223	32.9015	48084.984	0.374	-0.269304	0.1601	0.0129135	0.0325694	16.9866999814	0.0558514	0.00296011757397	0.000160678	0.000117488	-6.75547e-6	-4.1535e-6	18	14.9687	0.7246	299.76712	-56.261002	10.4632	36.2062	0.0729	0.0729	-0.032	-0.446	-0.233	0.002	0
2008fr	2008	65	1	NULL	0.04024412855505943	0.00001	0.0407	0.00001	8.693	0.07	56.1798	50.7615	46.5117	54732.578	0.345	0.5671	0.1141	-0.0972489	0.0289269	16.45445697	0.0420588	0.00457297786794	0.000172963	-0.000674047	3.13265e-6	-3.92894e-6	50	21.3849	0.9999	17.955099	14.640614	14.640614	36.1925	0.0676	0.0676	-0.079	-1.172	0.623	-0.128	0
2006ak	2006	64	0	NULL	0.04049113392829895	0.00001	0.0391	0.00001	11.2	0.04	50	43.4887	41.678	53781.676	0.71	-1.24424	0.1434	0.0295722	0.0404035	17.014305931600003	0.0710626	0.00288580984834	0.000200187	-0.00171309	8.89795e-6	-6.8661e-6	27	19.1352	0.8939	167.386002	28.63101	28.63101	36.0456	0.0794	0.0794	-0.137	-1.721	-1.138	-0.03	0
2003fa	2003	63	0	NULL	0.04058386757969856	0.00001	0.0404	0.00001	8.824	4.391	83.3432	71.4444	62.464	52807.469	0.07	1.4795	0.0990175	-0.0357524	0.0264324	16.4421620715	0.0366839	0.00462544845923	0.000160017	0.000212097	-3.0967e-6	-3.43867e-6	49	74.2211	0.0146815	266.032227	40.880859	40.880859	36.1173	0.0577	0.0577	-0.138	-2.392	1.54	-0.091	0
2001az	2001	63	0	NULL	0.040925826877355576	0.00001	0.04156	0.00001	11.369	0.058	55.5364	52.6357	47.6282	52031.023	0.914	1.0783	0.4541	-0.0764904	0.0299308	16.6975540383	0.0505734	0.00386346665405	0.000183092	0.00211788	0.0000226497	-3.67913e-6	14	7.4945	0.9424	248.614487	76.029541	76.029541	36.3828	0.0726	0.0726	0.064	0.884	0.888	-0.059	0
2005lz	2005	64	0	NULL	0.041320350021123886	0.00001	0.04	0.00001	10.331	4.652	55.5455	52.6341	47.6257	53736.086	0.152	-1.19663	0.1357	0.0862725	0.032256	17.452514324600003	0.0620561	0.00192742301107	0.000118816	-0.000116715	-1.55661e-6	-2.96279e-6	31	60.3724	0.00121983	32.707199	34.982731	34.982731	36.3148	0.0696	0.0696	0.08	1.157	-1.26	0.112	64
1992bl	1992	50	0	NULL	0.04254	0.00001	0.0433	0.00001	10.826	4.07	36.1912	36.191	-99	48947.672	0.316	-1.72646	0.0847269	-0.0456269	0.0453841	17.1113024215	0.0407055	0.00263926871834	0.000102712	-0.00049718	-2.25878e-7	-3.37484e-6	21	22.006	0.4595	348.779358	-44.760159	6.7095	36.3082	0.1165	0.1165	-0.102	-0.878	-1.706	-0.084	0
2007nq	2007	65	1	NULL	0.042796872556209564	0.00001	0.04516	0.00001	11.882	0.064	31.25	29.3255	23.0415	54398.223	0.448	-1.69373	0.1709	-0.0587345	0.034327	17.1610471645	0.0513115	0.00252113959212	0.000123347	-0.0000893282	2.34447e-6	-3.39666e-6	41	22.1832	0.9949	14.390504	-0.611031	-0.611031	36.4031	0.0738	0.0738	-0.102	-1.377	-1.63	-0.1	0
2007kk	2007	65	1	NULL	0.04287826269865036	0.00001	0.0406	0.00001	11.331	0.03	48.7805	45.2488	41.4938	54383.789	0.262	0.9485	0.1357	-0.049115	0.041894	16.619314486500002	0.1262	0.00415218221703	0.000514992	-0.000698275	6.13436e-6	-0.0000186526	68	52.6986	0.9274	55.596909	39.241749	39.241749	36.2015	0.0727	0.0727	-0.065	-0.892	0.988	-0.057	0
2005hf	2005	64	0	NULL	0.04330330714583397	0.00001	0.04311	0.00001	11.154	0.017	41.6717	35.7115	34.4861	53664.094	0.731	-1.93157	0.1972	-0.0627883	0.0478783	17.0587434786	0.0851932	0.00277011145277	0.000228258	-0.00189048	0.0000154545	-0.0000111817	29	17.4385	0.9669	21.77496	19.116899	19.116899	36.2802	0.0766	0.0766	-0.12	-1.573	-1.822	-0.138	0
10805	10805	1	120	82N	0.044610001146793365	0.00001	0.04525	0.00001	9.99	0.044	180.9542	120.6353	35.0182	53698.688	0.117	-0.966477	0.3868	0.0596953	0.0259927	17.257391594599998	0.0442125	0.00218295138081	0.0000921922	0.00350573	-0.0000119867	-1.75543e-6	5	7.4253	0.2833	-15.072662	-0.013854	-0.013854	36.2942	0.0689	0.0689	-0.215	-3.122	-0.235	0.026	0
1992bh	1992	50	0	NULL	0.04509	0.00001	0.045	0.00001	10.5425	0.3	36.1914	36.1904	-99	48920.902	0.429	-0.0153908	0.1496	0.0457492	0.0449369	17.4202258888	0.0372426	0.00198574750858	0.0000718653	-0.0019933	2.92572e-6	-2.51415e-6	24	15.947	0.9164	74.918182	-58.83363	13.3485	36.5734	0.1189	0.1189	0.077	0.644	-0.057	0.073	0
1992J	1992	50	0	NULL	0.0457	0.00001	0.0457	0.00001	11.091	3.826	33.9296	31.9333	-99	48672.766	0.595	-1.74311	0.3248	0.0532111	0.0906125	17.5127171433	0.1154	0.00182347462631	0.000213535	0.018747	-0.0000464041	-0.0000172932	10	6.5754	0.8324	152.227142	-26.681101	15.2634	36.4009	0.1574	0.1574	-0.13	-0.829	-1.827	-0.013	0
2005hc	2005	64	0	NULL	0.045957401394844055	0.00001	0.04589	0.00001	10.621	0.132	45.4588	43.4818	39.9846	53668.305	0.142	0.4219	0.1204	-0.00244026	0.0278514	17.1897582651	0.0346648	0.00245534938894	0.0000819393	-0.000062723	-7.52862e-7	-1.85006e-6	54	73.2792	0.0502633	29.199789	-0.21373	-0.21373	36.5535	0.0642	0.0642	0.013	0.2	0.415	0.002	0
2008by	2008	65	1	NULL	0.04638562723994255	0.00001	0.045	0.00001	8.545	0.106	44.8433	40	35.9712	54575.051	1.141	0.4782	0.3094	-0.149682	0.0350106	16.7362993341	0.0822034	0.00352762128146	0.000262223	0.00179171	-0.0000115574	-5.93779e-6	14	5.5107	0.9868	181.337112	40.945675	40.945675	36.6244	0.091	0.091	0.128	1.403	0.304	-0.123	0
2008050	2008050	65	1	NULL	0.047032300382852554	0.00001	0.046	0.00001	-9	-9	35.7141	30.7692	20.5761	54621.207	0.68	1.0415	0.4275	0.0219174	0.0338805	16.9164918285	0.0419547	0.00307192146874	0.000123903	0.000795221	-0.0000121394	-3.23704e-6	28	34.5735	0.2189	204.198303	5.141781	5.141781	36.3215	0.0997	0.0997	-0.225	-2.251	1.663	-0.03	0
2004gu	2004	5	1	NULL	0.04713854566216469	0.00001	0.04559	0.00001	10.677	0.023	111.1112	111.1111	100	53362.523	0.121	1.2872	0.0606902	0.0748199	0.0224702	17.220126302500002	0.02627	0.00238743993453	0.0000598002	-0.000270175	3.0582e-7	-1.03869e-6	98	145.1051	0.00175752	191.602997	11.9489	11.9489	36.4656	0.0541	0.0541	-0.062	-1.137	1.313	0.051	64
2008cf	2008	65	1	NULL	0.047165676951408386	0.00001	0.04714	0.00001	-1.	0.	50	43.1035	31.4464	54595.062	0.796	1.3682	0.4518	-0.118316	0.0312816	16.685446074	0.0512442	0.00380050953852	0.000175691	-0.00103988	8.05654e-6	-4.11494e-6	19	6.8901	0.9948	211.885773	-25.447849	-25.447849	36.5709	0.0943	0.0943	-0.03	-0.319	1.472	-0.125	0
2006eq	2006	5	1	NULL	0.04814469441771507	0.00001	0.04941	0.00001	10.634	0.04	90.9091	76.9231	62.4999	53974.441	0.348	-2.09317	0.0693937	0.0903634	0.0297592	18.015559896200003	0.0513689	0.00114751645354	0.0000583329	8.20974e-7	-7.3347e-7	-1.16843e-6	48	59.528	0.1441	322.154999	1.22811	1.22811	36.7396	0.0706	0.0706	0.033	0.466	-2.102	0.101	0
2006cq	2006	64	0	NULL	0.04938001558184624	0.00001	0.0491	0.00001	11.165	0.388	62.5085	58.8339	58.8243	53890.047	0.351	-0.0918296	0.5237	0.0184245	0.0291946	17.402600179100002	0.031746	0.00201824583179	0.0000620732	0.00449183	-8.79924e-6	-1.55431e-6	10	12.0378	0.2825	201.104324	30.9562	30.9562	36.6298	0.0832	0.0832	-0.063	-0.754	0.178	0.008	0
1990af	1990	50	0	NULL	0.04992	0.00001	0.0503	0.00001	11.324	3.839	36.1924	35.0243	-99	48196.	0.167	-2.16741	0.1415	-0.0472512	0.0450691	17.5449567673	0.038061	0.00177024973838	0.0000642403	-0.00062822	-1.99382e-7	-2.10379e-6	24	10.8537	0.99	323.681458	-62.758461	7.5908	36.6851	0.1185	0.1185	-0.062	-0.521	-2.146	-0.07	0
1993ag	1993	50	0	NULL	0.05004	0.00001	0.049	0.00001	10.203	4.791	35.0237	35.0235	-99	49317.238	0.244	-0.846678	0.1363	0.0629342	0.0497583	17.6360703356	0.0743411	0.00162769672266	0.000120353	-0.00122464	2.72677e-7	-3.79967e-6	22	21.2194	0.5677	150.884232	-35.46748	11.4581	36.6196	0.1261	0.1261	-0.068	-0.542	-0.819	0.04	0
2007kh	2007	65	1	NULL	0.05028492212295532	0.00001	0.05	0.00001	8.682	0.091	32.6798	24.6914	7.7459	54365.859	1.328	0.8163	0.4218	0.1088	0.0662669	17.5138037862	0.1413	0.00172373481165	0.000248258	0.00169586	-5.88363e-6	-0.000010879	23	21.2589	0.6234	48.800205	43.170387	43.170387	36.648	0.165	0.165	-0.085	-0.518	0.891	0.088	0
1993ac	1993	61	0	NULL	0.05085526406764984	0.00001	0.05026	0.00001	11.788	0.029	54.2873	54.2863	27.144	49271.195	1.063	-0.903455	0.3642	-0.0174501	0.046249	17.537305902	0.1172	0.00178268224859	0.000210566	0.00194802	-5.17276e-6	-6.26594e-6	10	9.827	0.546	86.588654	63.373981	63.373981	36.7621	0.123	0.123	0.017	0.139	-0.92	-0.015	0
1993O	1993	50	0	NULL	0.0519	0.00001	0.0519	0.00001	-1.	0.	36.1923	35.0244	-99	49134.691	0.12	-0.653626	0.0999798	-0.0826917	0.0452177	17.358580016	0.0455812	0.00204445209623	0.0000875426	-0.0000219882	-1.18932e-6	-2.66157e-6	31	48.1917	0.0252239	202.780655	-33.220329	13.2238	36.8506	0.1159	0.1159	0.033	0.287	-0.659	-0.071	0
2010dt	2010	66	1	NULL	0.05318078771233559	0.00001	0.05288	0.00001	10.874	0.441	40.3225	35.8424	35.3357	55361.684	0.19	-0.0519796	0.4361	-0.0698166	0.0417304	17.404500000000002	0.0583962	0.00201474	0.00011133	0.00866842	-0.0000369179	-3.79659e-6	4	8.6936	0.1219	250.812759	32.67432	32.67432	36.9108	0.0971	0.0971	0.051	0.528	-0.156	-0.058	0
2008ac	2008	65	1	NULL	0.05350429192185402	0.00001	0.05283	0.00001	9.802	0.08	35.8423	28.6533	22.8832	54503.699	1.33	0.2107	0.5394	-0.0360847	0.0482387	17.5018465888	0.0808851	0.00174293202128	0.000137518	-0.00252166	0.0000412952	-6.7884e-6	7	4.3485	0.8244	178.438324	48.422443	48.422443	37.0003	0.1023	0.1023	0.143	1.398	-0.1	0.031	0
1998dx	1998	62	0	NULL	0.0541691817343235	0.00001	0.05422	0.00001	11.522	3.656	90.478	57.1442	51.7021	51072.41	0.44	-1.58762	0.2951	-0.101321	0.0329827	17.2941989985	0.0460087	0.00223008548194	0.0000938233	0.000621748	2.11895e-6	-2.3357e-6	11	7.2307	0.842	272.794495	49.85841	49.85841	36.6832	0.0798	0.0798	-0.233	-2.916	-1.249	-0.18	0
2006lu	2006	5	1	NULL	0.05473809689283371	0.00001	0.0544	0.00001	11.235	0.057	142.8572	111.1112	100	54035.742	0.319	0.2641	0.0716335	-0.171408	0.0340639	16.925034744	0.0967208	0.0031331533587	0.000267842	-0.000632011	4.40667e-6	-7.79095e-6	40	59.9538	0.0281964	138.822998	-25.6001	-25.6001	36.7906	0.057	0.057	-0.133	-2.33	0.312	-0.212	0
2003ic	2003	63	0	NULL	0.055545225739479065	0.00001	0.05538	0.00001	11.885	0.462	50.0072	41.6726	33.3348	52906.645	0.028	-1.75934	0.2479	-0.0235159	0.0379723	17.4379980494	0.058622	0.0019534104114	0.000111539	0.0000362457	-2.26001e-6	-1.90531e-6	10	5.2713	0.9173	10.45973	-9.30531	-9.30531	36.5618	0.1125	0.1125	-0.402	-3.572	-1.449	-0.132	0
19968	19968	1	120	82S	0.055660516023635864	0.00001	0.05594	0.00001	10.492	0.064	135.7139	83.5158	35.0177	54412.684	0.102	-1.8809	0.1706	-0.0316155	0.0230424	17.7679413116	0.0291959	0.001441572262	0.0000391223	0.000160674	-1.14723e-6	-6.39933e-7	20	15.0607	0.7729	24.348692	-0.312093	-0.312093	36.8998	0.0605	0.0605	-0.087	-1.433	-1.774	-0.059	0
1991S	1991	50	0	NULL	0.0557	0.00001	0.0557	0.00001	11.133	0.013	54.287	54.2863	54.2863	48347.922	0.573	0.4733	0.1714	-0.0586399	0.034571	17.459134143900002	0.053757	0.00191576721391	0.0000987878	-0.000262962	3.05982e-7	-2.70474e-6	43	54.8124	0.1272	157.369965	22.014469	9.4798	37.0044	0.0766	0.0766	0.028	0.361	0.452	-0.049	0
2006py	2006	5	1	NULL	0.05670167878270149	0.00001	0.05783	0.00001	9.909	0.46	111.111	100	71.4286	54070.918	0.219	0.1119	0.2145	0.00587956	0.025581	17.6174762938	0.044102	0.00156684060513	0.0000678205	0.000658043	-9.37497e-7	-1.24366e-6	22	37.7612	0.0270148	340.424988	-0.136917	-0.136917	36.9721	0.0606	0.0606	-0.089	-1.477	0.237	-0.021	0
2005hj	2005	64	0	NULL	0.05679946020245552	0.00001	0.05742	0.00001	10.009	0.013	47.6265	41.681	41.6765	53672.875	0.697	2.2662	0.3362	-0.03754	0.0314876	17.4560720851	0.0409851	0.00192117471587	0.0000730264	-0.000486455	2.89328e-6	-1.87534e-6	27	33.7875	0.1723	21.701651	-1.23814	-1.23814	37.1869	0.0827	0.0827	0.142	1.711	1.944	0.005	0
6558	6558	1	118	82S	0.05679946392774582	0.00001	0.05739	0.00001	9.769	0.062	180.9549	83.5158	35.0184	53675.027	0.092	1.0585	0.0915922	-0.0243909	0.0233139	17.4146853751	0.0344827	0.00188861789647	0.0000604797	-7.80634e-6	-6.34644e-7	-9.95812e-7	25	52.3608	0.00107886	21.701651	-1.238144	-1.238144	36.9956	0.0562	0.0562	-0.05	-0.886	1.083	-0.042	64
1992bk	1992	50	0	NULL	0.0579	0.00001	0.0579	0.00001	11.923	3.224	35.0237	32.9012	-99	48940.168	0.44	-1.6816	0.1526	-0.0815614	0.0549129	17.874323706400002	0.0575188	0.00130696775614	0.0000708461	0.00135499	-2.94738e-6	-2.90796e-6	18	15.4573	0.6931	55.796841	-53.623169	5.6716	37.1889	0.132	0.132	0.125	0.945	-1.692	-0.034	0
2006ob	2006	5	1	NULL	0.05891873314976692	0.00001	0.05916	0.00001	11.706	0.047	100	90.9091	83.3334	54063.285	0.121	-2.03446	0.0821774	-0.0308884	0.0257122	17.9902879356	0.02916	0.00117454923483	0.0000329318	-0.000255525	-8.17602e-8	-5.94684e-7	40	37.264	0.6374	27.9505	0.263417	0.263417	37.0984	0.0652	0.0652	-0.014	-0.222	-2.028	-0.037	0
2006oa	2006	64	0	NULL	0.0589478425681591	0.00001	0.06255	0.00001	9.192	0.091	50.0179	45.4664	45.4596	54067.145	0.156	1.2422	0.2473	0.00734078	0.029504	17.6414084504	0.0385895	0.00153260037683	0.0000571056	0.00114604	-3.69113e-6	-1.33381e-6	37	47.9543	0.1292	320.928925	-0.84347	-0.84347	37.1498	0.0713	0.0713	-0.089	-1.254	1.378	-0.021	0
2001ah	2001	63	0	NULL	0.05946805700659752	0.00001	0.0583	0.00001	11.105	0.019	58.837	45.4655	43.4778	52006.617	0.072	1.419	0.7436	-0.0336499	0.029252	17.431442341300002	0.0644434	0.00196530096643	0.000120097	-0.000979038	-5.24281e-6	-1.24396e-6	16	22.5174	0.1273	167.624313	55.160839	55.160839	37.0316	0.1444	0.1444	-0.048	-0.334	1.616	-0.039	0
2008bz	2008	65	1	NULL	0.061206236481666565	0.00001	0.06015	0.00001	10.995	0.017	33.67	29.7618	18.5874	54577.871	0.842	0.0320558	0.3602	-0.108188	0.0362134	17.6465616087	0.0540798	0.00161198610658	0.0000807305	-0.00234439	0.0000116737	-2.32442e-6	22	17.3205	0.7932	189.740356	11.129333	11.129333	37.2836	0.0907	0.0907	0.133	1.468	-0.25	-0.063	0
17745	17745	1	120	82S	0.06252335757017136	0.00001	0.0634	0.00001	8.898	0.029	135.7122	60.3157	31.0132	54372.57	0.155	1.0781	0.1207	-0.0475896	0.0252012	17.5604024027	0.0374323	0.0016513334995	0.0000571146	0.000347644	-2.77273e-6	-1.04561e-6	36	18.5939	0.9927	2.960156	-0.339279	-0.339279	37.2161	0.0612	0.0612	-0.054	-0.877	1.119	-0.066	0
1992bs	1992	50	0	NULL	0.06337	0.00001	0.0637	0.00001	9.987	5.235	35.0245	35.023	-99	48985.977	0.435	-0.266411	0.1254	-0.023414	0.0476193	18.0244264563	0.039929	0.00107701330519	0.0000416608	-0.00102686	1.57309e-6	-1.4427e-6	29	31.0499	0.413	52.38348	-37.268761	12.137	37.4169	0.1237	0.1237	0.136	1.103	-0.3	0.027	0
2007ae	2007	64	0	NULL	0.06451248377561569	0.00001	0.0643	0.00001	10.462	4.761	47.6236	47.61	38.4636	54153.301	0.022	1.6346	0.2894	0.0115422	0.0316399	17.577003549100002	0.045737	0.0017186438522	0.0000747601	0.000645294	-3.17866e-6	-1.68075e-6	32	24.8214	0.8462	255.466949	79.031738	79.031738	37.0673	0.0831	0.0831	-0.234	-2.82	2.035	-0.055	0
10028	10028	1	119	82N	0.06480676680803299	0.00001	0.06539	0.00001	10.597	0.075	90.475	83.5157	22.1486	53693.637	0.176	-1.21553	0.1784	0.0117198	0.0248724	18.107133421500002	0.0315208	0.00105473604869	0.0000310792	0.000643323	-1.31707e-6	-5.63395e-7	10	9.1768	0.5154	17.741789	0.276069	0.276069	37.1978	0.0618	0.0618	-0.142	-2.299	-1.072	-0.035	0
6057	6057	1	120	82N	0.06651	0.00001	0.06707	0.00001	10.071	0.049	83.512	72.3782	12.6045	53663.625	0.101	-0.420163	0.1093	0.1024	0.0295707	18.437059565600002	0.0723461	0.000778338085265	0.0000550646	-0.0000607853	-1.64587e-7	-1.23624e-6	36	49.9393	0.0611687	52.553547	-0.974675	5.6448	37.3582	0.063	0.063	-0.039	-0.623	-0.399	0.092	0
2006cj	2006	64	0	NULL	0.0686	0.00001	0.06771	0.00001	10.89	0.112	50.0098	41.6667	41.6627	53876.773	1.111	2.1207	0.6853	-0.0636468	0.029743	17.9074243317	0.0359366	0.00126775297883	0.0000423084	0.00184855	9.92156e-6	-9.41888e-7	30	13.6201	0.9971	194.852158	28.347601	28.347601	37.6988	0.1002	0.1002	0.28	2.792	0.691	-0.017	0
2006al	2006	64	0	NULL	0.069	0.00001	0.0678	0.00001	10.189	0.011	38.4646	35.7101	33.3218	53787.156	0.752	-1.40265	0.293	-0.0867265	0.0365384	18.1336887135	0.0580758	0.00102923647471	0.0000553257	0.000689745	-2.3187e-6	-9.51682e-7	21	14.7104	0.8744	159.867661	5.18344	5.18344	37.5034	0.1085	0.1085	0.081	0.748	-1.486	-0.066	0
2008Y	2008	65	1	NULL	0.07024	0.00001	0.06965	0.00001	10.886	0.07	30.6748	26.3157	22.9885	54503.715	0.044	-0.609748	0.2595	0.0850699	0.0373141	18.3584011017	0.055312	0.00083685996905	0.0000468228	-0.000153907	-1.24651e-6	-8.79086e-7	36	36.7161	0.4822	169.877426	54.462837	54.462837	37.3065	0.1091	0.1091	-0.177	-1.622	-0.437	0.037	0
2006on	2006	64	0	NULL	0.07074	0.00001	0.0719	0.00001	10.277	0.006	27.7751	25.649	23.8196	54064.16	0.703	0.9683	0.7395	0.0976454	0.0499339	18.2864370104	0.0922205	0.000894202225127	0.0000832317	0.0125597	-0.0000197682	-3.21624e-6	12	8.2591	0.7646	328.993683	-1.07022	-1.07022	37.4164	0.1285	0.1285	-0.139	-1.086	1.494	0.08	0
17240	17240	1	118	82S	0.07153	0.00001	0.07275	0.00001	10.92	0.072	63.8608	45.2274	37.4299	54337.469	0.102	-1.45483	0.3242	-0.119478	0.0504609	17.916454957600003	0.0921778	0.0012572305561	0.000109039	0.00910883	-0.0000295209	-4.73009e-6	9	4.5784	0.9175	8.641041	-1.217565	-1.217565	37.3803	0.0965	0.0965	-0.202	-2.098	-1.193	-0.175	0
1992ae	1992	50	0	NULL	0.07461	0.00001	0.075	0.00001	10.3078	0.3	35.0222	31.9332	-99	48804.887	0.53	-0.756721	0.1503	-0.0167584	0.0531597	18.256226847500002	0.0473321	0.000919395181937	0.0000427687	-0.00110578	1.1398e-6	-1.56148e-6	25	26.5409	0.4337	321.906647	-61.586521	8.4266	37.4994	0.1389	0.1389	-0.153	-1.1	-0.715	-0.073	0
2005ir	2005	5	1	NULL	0.07528	0.00001	0.07633	0.00001	10.56	0.005	83.3334	71.4285	62.5	53685.336	0.157	0.6562	0.1303	0.00232003	0.0239996	18.2428691667	0.0272126	0.000930769733262	0.000024825	4.41991e-6	-3.59858e-7	-4.30471e-7	40	61.0054	0.022866	19.1828	0.793694	0.793694	37.6247	0.0609	0.0609	-0.068	-1.112	0.708	-0.022	0
1992bp	1992	50	0	NULL	0.07888	0.00001	0.0793	0.00001	-1.	0.	35.0258	33.9291	-99	48980.836	0.233	-0.955118	0.1333	-0.106205	0.0508194	18.0159272584	0.0508553	0.00111588100527	0.0000533446	-0.000678967	-1.90487e-7	-1.61799e-6	26	26.08	0.5142	54.25222	-18.31871	11.0894	37.5386	0.1369	0.1369	-0.241	-1.761	-0.893	-0.191	0
2007hx	2007	5	1	NULL	0.07891	0.00001	0.0798	0.00001	-9	-9	90.9091	90.9088	83.3334	54354.5	0.248	0.1941	0.1336	0.1497	0.0247817	19.124986996	0.0268926	0.000401801001666	0.0000111703	-0.000373642	9.10853e-8	-2.0367e-7	37	59.4224	0.011115	31.612801	-0.899528	-0.899528	38.0153	0.0633	0.0633	0.221	3.493	0.007	0.227	0
12779	12779	1	120	82N	0.07891	0.00001	0.07995	0.00001	10.776	0.083	67.851	51.696	36.1777	53971.895	0.959	-0.609635	0.2645	0.094629	0.032929	18.9401021213	0.071314	0.000489721790872	0.000033908	-0.00343533	3.37205e-6	-9.18784e-7	28	22.2387	0.8102	-50.528229	1.221038	1.221038	37.8586	0.0755	0.0755	0.06	0.796	-0.744	0.113	0
2005ag	2005	5	1	NULL	0.08032	0.00001	0.07967	0.00001	11.513	0.047	111.1112	111.1112	100	53414.914	0.089	0.1692	0.0502384	-0.0479172	0.023705	18.2209997157	0.0310298	0.000949709616214	0.0000283626	-0.000205803	1.5502e-7	-4.67514e-7	126	120.8682	0.6365	224.182007	9.32847	9.32847	37.6904	0.0576	0.0576	-0.1	-1.737	0.194	-0.086	0
12950	12950	1	120	82N+82S	0.08141	0.00001	0.08273	0.00001	9.787	0.04	90.4738	77.5465	72.3787	54000.059	0.069	-0.327999	0.0623971	0.00463316	0.015985	18.6239562339	0.0314066	0.000620031357682	0.0000181363	8.65923e-6	-9.24213e-8	-2.186e-7	97	139.9139	0.00351233	-8.332581	-0.84032	-0.84032	37.9209	0.0347	0.0347	0.043	1.233	-0.352	0.019	64
2006bu	2006	64	0	NULL	0.08192	0.00001	0.081	0.00001	11.048	0.044	35.7187	32.2464	31.2491	53850.559	1.706	2.9254	0.6501	-0.106159	0.0402197	17.8762227337	0.0686527	0.00130473422709	0.0000792041	0.00366767	-2.81837e-6	-1.86504e-6	10	6.4529	0.8415	208.198898	5.31345	5.31345	37.912	0.1266	0.1266	0.084	0.661	2.667	-0.091	0
12898	12898	1	120	82N	0.08254	0.00001	0.08358	0.00001	9.953	0.045	77.5458	72.377	41.7466	54002.492	0.082	-0.0521715	0.0860948	0.0675354	0.0214352	18.7336753626	0.0322396	0.000560434609145	0.000017039	9.15951e-6	-2.25761e-7	-2.79689e-7	50	73.7759	0.0160088	26.793016	-0.147077	-0.147077	37.8742	0.049	0.049	-0.026	-0.533	-0.036	0.058	0
12781	12781	1	120	82N	0.08282	0.00001	0.08408	0.00001	10.942	0.078	67.8524	51.6903	37.4223	53979.27	0.22	-1.81078	0.1854	0.0402252	0.0269711	19.1580233156	0.0400953	0.000400686351406	0.0000151644	0.000749912	-1.46126e-6	-2.85065e-7	39	42.9056	0.3074	5.406504	-1.010051	-1.010051	38.077	0.0709	0.0709	0.163	2.299	-2.018	0.085	0
722	722	1	120	82N	0.08504	0.00001	0.08634	0.00001	10.969	0.056	49.3439	38.7686	29.3282	53610.887	0.678	-0.47739	0.1869	-0.0860522	0.0348027	18.4557626412	0.0698767	0.000765093973245	0.0000499618	0.00149972	-2.66933e-6	-1.50931e-6	32	25.0829	0.8027	0.70566	0.751163	0.751163	37.9528	0.0619	0.0619	-0.022	-0.358	-0.453	-0.095	0
3592	3592	1	120	82N	0.08543	0.00001	0.08658	0.00001	10.74	0.057	98.699	77.5465	54.2769	53645.062	0.063	-0.140745	0.0717848	-0.0379781	0.0205089	18.522294106300002	0.0309822	0.000719564966906	0.0000207065	0.0000692724	-2.89137e-7	-3.25221e-7	58	53.2578	0.6519	19.052397	0.791833	0.791833	37.9175	0.0462	0.0462	-0.064	-1.38	-0.112	-0.062	0
21502	21502	1	120	82N	0.08784	0.00001	0.08916	0.00001	11.278	0.092	57.1397	43.4238	38.7654	54427.309	0.207	-0.280613	0.242	-0.0512596	0.0237128	18.5761712133	0.039138	0.000684761315717	0.0000249697	0.000969743	-1.36322e-6	-4.24449e-7	16	18.5237	0.2941	-6.400299	-0.890405	-0.890405	37.9929	0.0609	0.0609	-0.056	-0.919	-0.167	-0.066	0
17258	17258	1	120	82S	0.08806	0.00001	0.08896	0.00001	9.555	0.046	67.8514	40.1991	31.9158	54342.656	0.676	0.2828	0.2081	0.0259984	0.0342735	18.5164351136	0.0648361	0.000684577855057	0.0000422982	0.0000192721	-1.00288e-6	-1.21307e-6	24	25.2831	0.4466	35.738518	1.025637	1.025637	37.8326	0.0717	0.0717	-0.211	-2.946	0.597	-0.045	0
1241	1241	1	120	82S	0.08848	0.00001	0.08979	0.00001	10.696	0.103	63.8605	54.282	40.1992	53635.367	0.078	-0.541778	0.0789597	0.0502601	0.0238546	18.880924252	0.0452172	0.000517156484051	0.000022054	0.0000606139	-2.82776e-7	-3.98893e-7	56	52.3885	0.6124	-22.327515	-0.776637	-0.776637	37.9465	0.0515	0.0515	-0.119	-2.303	-0.484	0.009	0
19899	19899	1	120	82S	0.09007	0.00001	0.0914	0.00001	8.795	0.087	98.6989	83.5154	60.3071	54418.762	0.161	0.2909	0.1922	-0.144123	0.022527	18.151713383599997	0.044589	0.000957883310704	0.0000390598	0.000980126	-1.08776e-6	-6.63074e-7	19	27.0145	0.1043	-18.507812	-0.648815	-0.648815	37.9964	0.0489	0.0489	-0.11	-2.242	0.447	-0.176	0
774	774	1	120	82N	0.09227	0.00001	0.09333	0.00001	10.816	0.101	38.7701	31.9239	28.5511	53609.355	0.191	0.6442	0.1617	-0.0212211	0.0258893	18.6982620024	0.0406236	0.000611935451082	0.0000232581	0.000474675	-1.63663e-6	-4.64614e-7	31	36.8097	0.2178	25.463366	-0.876441	-0.876441	38.1514	0.0628	0.0628	-0.003	-0.047	0.65	-0.022	0
18241	18241	1	120	82S	0.09391	0.00001	0.095	0.00001	9.988	0.091	72.3733	57.1354	31.9146	54372.957	0.157	-1.11928	0.1283	-0.0864362	0.0276551	18.8663949975	0.0553263	0.00049597252535	0.0000255279	0.000154995	-6.83087e-7	-5.25591e-7	51	38.9655	0.8913	-47.612335	-0.761823	-0.761823	38.3348	0.0628	0.0628	0.139	2.22	-1.236	-0.044	0
2102	2102	1	120	82S	0.09401	0.00001	0.0951	0.00001	11.018	53.937	98.6983	72.379	41.7482	53620.195	0.503	1.2641	0.1957	-0.10776	0.0246565	18.3832183689	0.0572439	0.000817952294929	0.0000430407	-0.000795013	1.33621e-6	-8.18819e-7	39	37.0163	0.5607	-47.779083	0.191053	0.191053	38.1914	0.0575	0.0575	-0.006	-0.11	1.278	-0.11	0
16185	16185	1	120	82S	0.10018	0.00001	0.10137	0.00001	9.716	0.087	63.8591	47.1949	30.1411	54053.91	0.148	-2.23059	0.2149	0.0596477	0.025548	19.4883072726	0.0355961	0.000279702056717	9.40753e-6	0.000877167	-4.36114e-7	-1.80668e-7	32	48.6121	0.0301876	16.867998	-0.269445	-0.269445	38.3482	0.0623	0.0623	0.003	0.044	-2.233	0.06	0
1992aq	1992	50	0	NULL	0.1009	0.00001	0.1009	0.00001	-9	-9	33.9304	31.9343	-99	48834.359	0.537	-1.38868	0.221	-0.089893	0.0574495	19.0109496977	0.0417688	0.000446311975012	0.0000174988	-0.00124083	5.0397e-7	-6.34367e-7	23	8.0574	0.999	346.125946	-37.34771	20.0191	38.4223	0.1602	0.1602	0.088	0.547	-1.421	-0.06	0
13038	13038	1	120	82S	0.10264	0.00001	0.104	0.00001	-9	-9	72.3736	67.8521	32.8801	53988.652	0.141	1.4355	0.1459	-0.0198616	0.0234276	18.9101848246	0.038466	0.000489712866983	0.0000171697	0.00068541	-1.00805e-6	-3.08945e-7	49	38.6689	0.8552	-12.173279	0.50451	0.50451	38.4999	0.0541	0.0541	0.095	1.755	1.337	0.01	0
10434	10434	1	120	82S	0.10288	0.00001	0.10416	0.00001	11.602	0.084	60.3114	57.1364	33.9128	53696.461	0.052	-0.0162358	0.1613	-0.0895182	0.0273169	18.8973134376	0.0595557	0.000509440462141	0.0000281854	0.000798425	-6.97274e-7	-5.80462e-7	14	7.0126	0.9342	-30.044159	-1.193738	-1.193738	38.4697	0.0578	0.0578	0.061	1.057	-0.064	-0.072	0
13135	13135	1	120	82N+82S	0.10337	0.00001	0.10467	0.00001	11.134	0.081	72.3765	63.8598	60.3107	54003.621	0.06	-1.40439	0.0700302	-0.0518583	0.0156934	19.1252165591	0.0244807	0.000412969445846	9.31729e-6	0.0000282636	-8.48551e-8	-1.07964e-7	118	103.4042	0.8286	4.172144	-0.424635	-0.424635	38.3865	0.0366	0.0366	-0.033	-0.911	-1.383	-0.064	0
20064	20064	1	120	82N	0.10351	0.00001	0.10484	0.00001	11.381	0.06	72.3754	63.8604	41.7459	54413.121	0.048	0.8202	0.149	0.057467	0.0221498	19.0185499448	0.0321327	0.000455593904896	0.0000137133	0.000570062	-5.2075e-7	-2.32707e-7	29	54.8893	0.00255241	-1.413879	-0.917725	-0.917725	38.2524	0.0513	0.0513	-0.172	-3.361	0.989	-0.001	64
18697	18697	1	120	82N	0.10638	0.00001	0.10762	0.00001	10.524	0.043	90.472	63.8605	41.7459	54384.426	0.2	0.7487	0.1232	0.000791288	0.0204923	18.982158203900003	0.027485	0.000471133079578	0.0000120528	6.42796e-6	-6.11839e-8	-1.93326e-7	55	45.0523	0.8284	11.223884	-0.997127	-0.997127	38.3817	0.0487	0.0487	-0.103	-2.109	0.847	-0.037	0
20625	20625	1	120	82N	0.10683	0.00001	0.10813	0.00001	10.681	0.048	60.3115	45.2275	33.9129	54423.59	0.178	-0.105594	0.2068	0.000343515	0.0235963	19.2418745937	0.0324273	0.000370880590252	0.0000112293	0.00137476	-6.02856e-7	-2.0668e-7	19	14.9761	0.7241	5.683287	-0.479075	-0.479075	38.5232	0.0531	0.0531	0.028	0.523	-0.138	0.009	0
21034	21034	1	120	82N	0.1075	0.00001	0.10855	0.00001	10.63	0.041	54.2795	43.4204	28.5553	54426.078	0.281	0.057975	0.2804	0.0362212	0.0238078	19.356659944100002	0.0316917	0.000333668821993	9.93288e-6	0.00151737	-2.69342e-7	-1.75193e-7	16	13.8859	0.6072	28.141306	1.243972	1.243972	38.5497	0.0585	0.0585	0.045	0.772	-0.034	0.049	0
7147	7147	1	120	82N	0.10886	0.00001	0.11022	0.00001	10.562	0.064	67.8528	49.3418	30.1418	53679.668	0.133	-1.94397	0.1577	-0.0933166	0.0235255	19.2029168332	0.0359554	0.000384429959628	0.0000126181	0.000257051	-9.69657e-8	-2.03129e-7	36	41.2924	0.2504	-9.981689	-0.055568	-0.055568	38.5173	0.0581	0.0581	-0.023	-0.393	-1.923	-0.101	0
18650	18650	1	120	82S	0.11242	0.00001	0.11371	0.00001	8.906	0.076	57.1367	47.1966	29.3251	54387.863	0.131	0.8883	0.1189	-0.0412213	0.0252584	19.109868204399998	0.056917	0.000396331735584	0.0000211269	0.000250064	-2.20712e-7	-4.08714e-7	46	46.4466	0.4539	-31.552795	0.014998	0.014998	38.7192	0.0526	0.0526	0.106	2.023	0.82	-0.01	0
18612	18612	1	120	82S	0.11364	0.00001	0.11489	0.00001	11.123	0.092	63.8602	54.2773	33.9129	54383.711	0.173	-0.739865	0.1334	0.0640535	0.022589	19.4538603993	0.0310381	0.000305114045863	8.99248e-6	0.0000925815	-1.2735e-7	-1.57183e-7	52	83.6378	0.00461246	12.287878	0.596875	0.596875	38.4489	0.0534	0.0534	-0.189	-3.541	-0.564	-0.003	64
16641	16641	1	120	82S	0.11389	0.00001	0.115	0.00001	10.506	0.108	60.3085	41.7455	24.1042	54069.219	0.705	1.0935	0.682	0.0441578	0.0307041	19.482641424	0.035639	0.000297126413772	9.92079e-6	0.0127418	-7.58181e-7	-1.81585e-7	20	17.0009	0.6529	23.561129	-0.403735	-0.403735	38.796	0.0714	0.0714	0.157	2.199	0.225	0.059	0
16619	16619	1	120	82S	0.11402	0.00001	0.1151	0.00001	8.701	0.148	77.5458	57.1374	31.9203	54069.723	0.644	-0.0447557	0.5572	-0.0786431	0.0260403	18.856446766999998	0.0362414	0.000500498873413	0.0000167422	0.00758622	3.45109e-6	-1.61453e-7	15	17.3384	0.299	25.938692	-1.11199	-1.11199	38.4512	0.0554	0.0554	-0.19	-3.429	0.732	-0.122	0
8719	8719	1	120	82S	0.11628	0.00001	0.11757	0.00001	9.306	0.07	60.3127	54.2777	32.8801	53690.043	0.105	0.0179693	0.1557	-0.0600062	0.00463014	19.1148524308	0.0212522	0.000394512697376	7.73641e-6	0.0000459526	-4.83419e-7	-8.82129e-9	28	37.3894	0.1105	7.721408	-0.718927	-0.718927	38.6606	0.0363	0.0363	-0.03	-0.832	0.127	-0.061	0
5395	5395	1	120	82S	0.11635	0.00001	0.117	0.00001	9.08	0.075	60.312	51.6909	29.3234	53663.879	0.151	1.1915	0.1368	-0.0160062	0.0238685	19.155121530699997	0.048075	0.000380153185962	0.0000170315	0.00027781	-2.34611e-7	-3.07485e-7	63	46.3556	0.9426	49.640839	0.123269	0.123269	38.7287	0.0521	0.0521	0.049	0.948	1.148	-0.001	0
11067	11067	1	120	82S	0.1168	0.00001	0.11776	0.00001	9.435	0.067	90.4751	67.8522	36.1758	53702.832	0.384	1.7589	0.5021	-0.0725012	0.0258231	18.713854551799997	0.0338132	0.00057077751306	0.0000164222	0.00587484	-2.36524e-6	-2.96147e-7	12	2.8086	0.9968	33.518318	-0.23927	-0.23927	38.542	0.0707	0.0707	-0.153	-2.158	2.423	-0.093	0
2561	2561	1	120	82S	0.11741	0.00001	0.11813	0.00001	10.765	0.033	43.4161	41.7473	25.8298	53639.246	0.141	-0.0881699	0.1147	0.0357448	0.0254847	19.5413393753	0.0510934	0.000281492602239	0.0000136214	0.000158615	-1.46635e-7	-2.64361e-7	74	53.3905	0.9661	46.343353	0.858291	0.858291	38.7154	0.0544	0.0544	0.013	0.248	-0.096	0.04	0
16259	16259	1	120	82S	0.11771	0.00001	0.11908	0.00001	11.223	0.063	51.6898	36.1789	24.6548	54052.293	0.201	-1.5095	0.2227	0.0737701	0.027783	19.8196224488	0.0373847	0.00021783700716	7.79127e-6	0.00107297	-3.04429e-7	-1.65416e-7	26	27.1194	0.4031	-7.970215	0.856296	0.856296	38.6768	0.0654	0.0654	-0.044	-0.669	-1.456	0.059	0
1371	1371	1	120	82S	0.11797	0.00001	0.11934	0.00001	10.893	0.067	63.8619	38.7701	38.7632	53633.305	0.107	0.7898	0.0969753	-0.0995807	0.0213383	18.785526411000003	0.0361471	0.000564646726249	0.0000186649	0.0000942886	-3.40096e-7	-2.90445e-7	55	72.203	0.0597296	-10.626251	0.429294	0.429294	38.502	0.0499	0.0499	-0.224	-4.486	0.942	-0.176	0
14871	14871	1	120	82S	0.11845	0.00001	0.119	0.00001	9.147	0.07	54.2801	51.6888	31.9142	54027.352	0.127	1.2909	0.1147	-0.0450349	0.0242686	19.124328413	0.053974	0.000391069851144	0.0000195418	0.0000884803	-1.7853e-7	-3.59563e-7	67	58.5939	0.7583	54.277054	0.009282	0.009282	38.8019	0.0523	0.0523	0.083	1.584	1.229	-0.021	0
18298	18298	1	120	82N	0.11859	0.00001	0.11977	0.00001	10.898	0.061	20.4676	19.3641	14.6362	54374.324	0.239	-2.6974	0.3025	0.2581	0.0479828	20.5845025761	0.0688804	0.00010769122876	9.11341e-6	0.00584434	-1.78692e-6	-3.63635e-7	60	59.8139	0.4825	18.266638	-0.540143	-0.540143	38.704	0.098	0.098	-0.03	-0.308	-2.656	0.249	0
13894	13894	1	120	82N	0.11966	0.00001	0.121	0.00001	9.424	0.105	33.9081	31.0037	20.4539	54013.684	0.15	0.737	0.1696	0.161	0.0277292	20.0471143497	0.0492952	0.000167165540309	7.98306e-6	0.000704742	-2.51743e-7	-1.70071e-7	70	56.9556	0.8691	1.690501	-0.036857	-0.036857	39.0084	0.0603	0.0603	0.25	4.15	0.499	0.242	0
5549	5549	1	120	82N	0.11991	0.00001	0.12124	0.00001	8.722	0.096	51.687	49.3394	31.0007	53666.09	0.106	0.2533	0.098412	0.0077726	0.0220367	19.354550129699998	0.0326307	0.00031635509697	9.69704e-6	0.000311979	-1.93524e-7	-1.65068e-7	46	63.0079	0.048461	3.250478	0.248144	11.5943	38.7233	0.0487	0.0487	-0.039	-0.806	0.271	-0.008	0
12860	12860	1	120	82N	0.12042	0.00001	0.12168	0.00001	10.614	0.049	36.1744	35.0089	21.2629	53993.793	0.276	-0.306261	0.2013	0.1361	0.0286758	20.0032439195	0.0491046	0.000183949687788	8.80264e-6	0.000582952	-1.90848e-7	-1.93854e-7	49	40.9877	0.7852	-36.305878	1.175795	1.175795	38.8356	0.0641	0.0641	0.064	1.005	-0.383	0.156	0
19543	19543	1	120	82N	0.12164	0.00001	0.123	0.00001	8.801	0.101	47.1884	38.7638	25.2217	54401.004	0.122	-0.829024	0.1403	-0.0201696	0.0241717	19.6463585154	0.0348638	0.000241801582443	7.89451e-6	0.000632391	-2.75404e-7	-1.45567e-7	45	45.5072	0.4508	-2.091705	0.279724	0.279724	38.95	0.0548	0.0548	0.154	2.802	-0.932	0.034	0
19953	19953	1	120	82S	0.1219	0.00001	0.12323	0.00001	9.671	0.063	77.546	63.8606	32.8858	54415.145	0.158	0.6986	0.1856	-0.129011	0.02177	18.867443945199998	0.0377306	0.000495486248174	0.0000170305	0.000905118	-4.43318e-7	-2.71675e-7	31	33.9978	0.3252	-27.06955	0.579057	0.579057	38.7223	0.0492	0.0492	-0.079	-1.597	0.797	-0.154	0
18835	18835	1	120	82N	0.12262	0.00001	0.12319	0.00001	10.791	0.095	60.3102	38.7638	27.8197	54392.395	0.118	0.7567	0.1126	-0.0130106	0.0264818	19.277170792	0.0670909	0.000359027896902	0.0000228005	0.000198943	-1.18642e-7	-4.74741e-7	50	56.7041	0.2393	53.685032	0.355459	0.355459	38.7206	0.0526	0.0526	-0.079	-1.51	0.801	-0.034	0
2916	2916	1	120	82S	0.12303	0.00001	0.1242	0.00001	10.041	0.008	31.0012	30.1371	21.2575	53643.848	0.164	-0.769355	0.2347	0.0627622	0.0352965	19.7663992899	0.0638308	0.000228782427909	0.0000141174	0.00315559	-1.56576e-6	-4.00765e-7	45	64.2416	0.0312197	-44.078308	0.569479	8.8153	38.7615	0.0713	0.0713	-0.058	-0.806	-0.707	0.045	0
16021	16021	1	120	82S	0.12336	0.00001	0.1246	0.00001	10.135	0.06	60.3108	51.6928	28.5521	54049.117	0.115	-0.343825	0.129	-0.0355431	0.0239953	19.3724729971	0.0324983	0.000328852371952	9.94403e-6	0.000806794	-4.29575e-7	-1.89208e-7	37	36.3126	0.5011	13.843588	-0.388888	-0.388888	38.7317	0.0525	0.0525	-0.095	-1.809	-0.3	-0.072	0
6406	6406	1	120	82S	0.12376	0.00001	0.12449	0.00001	10.549	0.054	45.2292	45.229	29.3265	53674.777	0.107	0.1282	0.1331	-0.00226298	0.0237384	19.377046970800002	0.048805	0.000327485653803	0.0000151046	0.000511244	-2.27929e-7	-2.72213e-7	63	59.2527	0.6106	46.088596	-1.063012	-1.063012	38.6992	0.0494	0.0494	-0.126	-2.541	0.214	-0.042	0
20470	20470	1	120	82S	0.1244	0.00001	0.125	0.00001	9.922	0.083	40.1974	31.9167	20.0729	54419.219	0.083	0.6604	0.2022	0.0367243	0.0297764	19.650786118	0.0699883	0.000240816502947	0.0000161427	0.0015763	-5.16143e-7	-3.72186e-7	28	43.7738	0.0385536	52.604786	1.009386	1.009386	38.9866	0.0591	0.0591	0.152	2.574	0.524	0.073	0
13044	13044	1	120	82S	0.12455	0.00001	0.12588	0.00001	9.913	0.062	60.312	47.1949	30.1385	54003.18	0.094	-0.015031	0.1296	-0.0686775	0.0224358	19.2738439368	0.0376349	0.000340784801879	0.0000118947	0.000451897	-3.49453e-7	-1.9956e-7	55	66.6714	0.1345	-27.457306	0.503229	0.503229	38.8418	0.0508	0.0508	-0.009	-0.178	-0.007	-0.072	0
1996ab	1996	61	0	NULL	0.12463	0.00001	0.1242	0.00001	-9	-9	36.1922	36.19	-99	50223.645	1.147	-0.0593742	0.4133	-0.184079	0.0561696	19.2208	0.0510628	0.00036787	0.0000177144	-0.00511132	3.84996e-6	-4.35383e-7	25	25.4566	0.4933	230.287155	27.92178	27.92178	39.1103	0.1723	0.1723	0.291	1.689	-0.337	-0.094	0
06D2fb	6	4	0	D2	0.12516	0.00001	0.124	0.00001	9.74	0.124	194.2556	190.2224	186.387	53853.758	0.078	-0.357865	0.0540259	-0.0294933	0.0244504	19.4488	0.030616	0.000290053	8.29543e-6	-0.000113287	2.10529e-8	-1.72047e-7	16	10.9423	0.813	149.883942	1.827922	1.827922	38.8473	0.0534	0.0534	0.032	0.596	-0.365	-0.016	0
2992	2992	1	120	82S	0.12608	0.00001	0.1266	0.00001	10.231	0.057	36.1775	36.1772	26.4572	53641.156	0.202	-0.958839	0.1426	0.0990545	0.031003	19.8288024581	0.0610507	0.000216004206973	0.0000128404	0.000119329	-1.44755e-7	-3.06339e-7	63	57.8837	0.6587	55.496922	-0.782694	12.2846	38.6849	0.066	0.066	-0.179	-2.714	-0.826	0.04	0
13005	13005	1	120	82S	0.12622	0.00001	0.12728	0.00001	10.093	0.076	36.1738	30.1432	19.7023	53964.637	1.36	-0.315085	0.3203	-0.0136051	0.0458501	19.6508497767	0.1181	0.00025447665867	0.0000292619	0.00333306	-4.03487e-6	-1.08341e-6	28	13.4082	0.994	27.395418	-0.649959	-0.649959	38.9461	0.1052	0.1052	0.069	0.659	-0.446	-0.005	0
16069	16069	1	120	82N	0.12688	0.00001	0.12825	0.00001	10.837	0.05	37.426	37.4249	23.5783	54050.723	0.193	0.8789	0.2214	0.1547	0.027248	19.887379489	0.0443154	0.000204676145442	8.72053e-6	0.00160641	-5.16589e-7	-1.85321e-7	32	43.7151	0.0811459	-18.754028	-1.006684	-1.006684	38.828	0.0593	0.0593	-0.067	-1.124	0.968	0.134	0
744	744	1	120	82N	0.12694	0.00001	0.12825	0.00001	10.47	0.075	43.4159	37.426	22.5996	53612.91	0.767	1.3867	0.3155	0.0657977	0.0337941	19.5667	0.057606	0.000274996	0.0000149845	0.000715994	1.30979e-7	-4.02726e-7	31	20.6747	0.9385	-30.801575	0.317392	0.317392	38.854	0.0762	0.0762	-0.041	-0.533	1.467	0.052	0
18855	18855	1	120	82N	0.12715	0.00001	0.12783	0.00001	10.368	0.065	54.2772	47.1941	28.5473	54385.973	0.213	0.247	0.1466	-0.0270091	0.0255237	19.4684487221	0.0591459	0.000301046874639	0.0000168258	0.000192417	-7.78132e-8	-3.30416e-7	50	27.4641	0.996	48.632305	0.269749	0.269749	38.8839	0.0537	0.0537	-0.003	-0.056	0.251	-0.028	0
18809	18809	1	120	82N	0.12837	0.00001	0.129	0.00001	11.137	0.072	49.3415	38.7616	25.8243	54383.148	0.277	-1.17363	0.1851	-0.0771175	0.0282578	19.5040928658	0.0671459	0.000291312431177	0.0000182923	0.000136597	5.79057e-8	-3.95947e-7	49	36.6818	0.9029	50.881222	0.666565	0.666565	38.876	0.0605	0.0605	-0.032	-0.533	-1.136	-0.086	0
22075	22075	1	120	82N	0.12899	0.00001	0.13003	0.00001	11.172	0.067	40.2016	28.5603	17.7755	54425.945	0.31	-1.67981	0.3389	-0.0291156	0.0291079	19.6890514154	0.0361831	0.000245694207553	8.3486e-6	0.00276834	9.46575e-8	-1.42046e-7	15	16.2144	0.4381	29.963049	1.216387	1.216387	38.8413	0.0731	0.0731	-0.086	-1.173	-1.565	-0.055	0
1032	1032	1	120	82N	0.12903	0.00001	0.12976	0.00001	10.681	0.067	24.6601	23.585	14.4462	53626.535	0.209	-2.5385	0.2045	0.040939	0.0386504	20.1097063801	0.0584521	0.000166763395214	9.39987e-6	0.00103253	-4.64537e-7	-2.63999e-7	52	38.4989	0.9182	46.795647	1.119518	1.119518	38.9246	0.0906	0.0906	0.002	0.027	-2.539	0.041	0
5751	5751	1	120	82N+82S	0.12928	0.00001	0.13056	0.00001	10.78	0.084	45.228	41.7463	37.4273	53666.031	0.121	0.645	0.1088	0.1469	0.0181514	19.8876874069	0.0252379	0.000204605389236	4.88134e-6	0.000365001	-1.47593e-7	-7.03625e-8	93	86.0339	0.7086	11.634078	0.838125	0.838125	38.8198	0.0407	0.0407	-0.117	-2.87	0.738	0.104	0
18415	18415	1	120	82N	0.1294	0.00001	0.13077	0.00001	10.989	0.077	38.7635	31.9183	21.6881	54381.441	0.244	-1.63251	0.1737	-0.0901484	0.0289696	19.6006882649	0.0523044	0.000266509395124	0.0000128951	0.000390927	-2.76121e-7	-2.68753e-7	47	28.8205	0.9872	-22.521729	1.05851	1.05851	38.9488	0.0679	0.0679	0.008	0.124	-1.639	-0.088	0
17280	17280	1	120	82S	0.13045	0.00001	0.13098	0.00001	10.934	0.048	30.9976	30.997	15.2354	54343.82	0.989	-0.836076	0.2939	-0.20623	0.0535208	19.3589652978	0.1085	0.000332963204516	0.0000333703	0.00448097	-3.04718e-6	-1.53546e-6	32	45.1884	0.0611098	55.791809	0.102392	0.102392	39.1784	0.0944	0.0944	0.234	2.482	-1.049	-0.121	0
14108	14108	1	120	82S	0.13243	0.00001	0.133	0.00001	8.953	0.233	37.4216	35.0021	21.679	54010.199	0.182	0.242	0.1494	-0.00424603	0.0311644	19.864398920499998	0.081756	0.000197815208391	0.000015522	0.000154932	-3.82556e-8	-3.87895e-7	77	79.5872	0.3975	53.594536	-1.123298	-1.123298	39.2686	0.0613	0.0613	0.288	4.707	0.024	0.062	0
15508	15508	1	120	82N	0.13353	0.00001	0.1346	0.00001	9.964	0.068	63.8597	43.4193	28.5518	54041.562	0.093	0.883	0.1066	-0.0558671	0.0217093	19.2900316275	0.0303166	0.000335724440156	9.36589e-6	0.000281894	-1.89629e-7	-1.5108e-7	42	47.9734	0.2435	27.168861	-0.576665	-0.576665	38.944	0.0507	0.0507	-0.064	-1.271	0.917	-0.08	0
15234	15234	1	120	82N	0.13514	0.00001	0.13636	0.00001	10.524	0.061	38.7582	33.9116	16.4142	54032.781	0.203	0.8909	0.2084	0.1265	0.0275167	20.230295097600003	0.0353934	0.000149243136986	5.00066e-6	0.000807636	-2.65368e-7	-1.07405e-7	45	49.6093	0.2946	16.95826	0.828089	0.828089	39.26	0.0667	0.0667	0.221	3.314	0.619	0.198	0
11300	11300	1	120	82N	0.13552	0.00001	0.13684	0.00001	9.542	0.081	40.1996	33.9129	23.0765	53699.5	0.034	-1.55181	0.5906	0.0828177	0.03053	20.0260841239	0.0344079	0.000170435122885	5.66428e-6	0.00745277	-1.02512e-6	-1.35285e-7	12	16.9773	0.1505	6.750446	-0.586694	-0.586694	38.9093	0.0843	0.0843	-0.138	-1.637	-0.92	0.064	0
17629	17629	1	120	82S	0.13639	0.00001	0.13741	0.00001	11.199	0.056	40.198	38.7624	23.0743	54370.41	0.115	-0.341331	0.1484	0.0608817	0.0266227	19.836233052100003	0.0369255	0.000214535235059	7.55161e-6	0.000654312	-4.44603e-7	-1.54072e-7	61	85.2153	0.0220172	30.636372	-1.089237	-1.089237	38.8969	0.0627	0.0627	-0.16	-2.556	-0.206	0.006	0
19775	19775	1	120	82N	0.13687	0.00001	0.13809	0.00001	10.486	0.104	37.422	31.0033	19.0187	54404.422	0.188	-0.219035	0.2049	0.0891033	0.0305365	20.0536991618	0.0574244	0.000175596519334	9.75853e-6	0.00101402	-3.347e-7	-2.2198e-7	44	32.0125	0.9105	-41.044006	0.651202	0.651202	39.044	0.0679	0.0679	-0.025	-0.365	-0.192	0.081	0
18602	18602	1	120	82S	0.13696	0.00001	0.13834	0.00001	9.299	0.106	33.9113	25.8281	15.9374	54393.82	0.133	0.9157	0.1879	0.056553	0.0291901	19.797564788099997	0.0527867	0.000210372596569	0.0000105394	0.00131879	-5.38151e-7	-2.32107e-7	40	44.2804	0.2958	-21.01651	0.609157	0.609157	39.1076	0.0636	0.0636	0.034	0.542	0.886	0.067	0
17366	17366	1	120	82N	0.13811	0.00001	0.13929	0.00001	10.969	0.056	45.2282	43.4213	26.4584	54351.473	0.248	0.5697	0.1696	-0.0922977	0.0252628	19.3046517698	0.0510403	0.000350068612454	0.0000165124	0.000148985	-3.62808e-7	-3.04443e-7	43	34.0506	0.8335	-44.212769	-1.02926	-1.02926	38.9677	0.0604	0.0604	-0.122	-2.012	0.727	-0.126	0
15171	15171	1	120	82S	0.13818	0.00001	0.1392	0.00001	8.85	0.142	57.1361	38.7631	24.104	54029.148	0.139	0.6685	0.1491	-0.0768217	0.0257553	19.357262419999998	0.0618493	0.000315577621143	0.0000181907	0.000265264	-1.47832e-7	-3.58623e-7	65	81.6916	0.0789812	-55.207489	-1.06454	-1.06454	39.0461	0.0547	0.0547	-0.042	-0.761	0.709	-0.088	0
20084	20084	1	120	82N	0.13833	0.00001	0.13973	0.00001	9.191	0.096	28.551	27.1189	16.4174	54407.18	0.257	0.06748	0.2862	0.1414	0.0302946	20.277769405199997	0.0449921	0.000135180074875	5.90992e-6	0.00175616	-3.56102e-7	-1.35742e-7	32	36.8088	0.256	-12.024872	-0.578173	-0.578173	39.206	0.0721	0.0721	0.109	1.516	-0.117	0.173	0
17208	17208	1	120	82N	0.13864	0.00001	0.14	0.00001	8.77	0.202	37.4283	37.4242	18.3721	54342.062	0.031	0.8592	0.228	-0.0692201	0.0294386	19.6589097361	0.0388009	0.000239014009092	8.52881e-6	0.00108394	-2.23872e-7	-2.03836e-7	35	21.3309	0.975	1.491484	1.102998	1.102998	39.351	0.0667	0.0667	0.25	3.743	0.584	0.021	0
12928	12928	1	120	82N	0.13868	0.00001	0.1397	0.00001	11.031	0.075	40.2012	36.1762	20.4555	53972.914	1.19	-0.537918	0.4025	-0.0703343	0.0347902	19.6362202456	0.0691654	0.000257930319775	0.0000167256	-0.00460125	1.99874e-6	-4.44339e-7	35	17.924	0.9926	-54.991058	-0.975747	-0.975747	39.0761	0.099	0.099	-0.02	-0.203	-0.476	-0.076	0
1794	1794	1	120	82N	0.1407	0.00001	0.14191	0.00001	9.27	0.076	41.7464	30.9997	22.5872	53624.68	0.55	1.1683	0.3208	0.0319205	0.0290618	19.785361447299998	0.0572016	0.000212742118282	0.0000114123	0.000367101	-2.93294e-8	-2.45773e-7	44	34.7437	0.8653	-42.163269	-0.445407	-0.445407	39.2072	0.074	0.074	0.074	0.998	0.99	0.049	0
2635	2635	1	120	82S	0.1431	0.00001	0.1437	0.00001	9.971	0.054	40.201	35.0107	21.2612	53640.273	0.175	0.858	0.1371	-0.0488858	0.0258182	19.507454770499997	0.0579845	0.000274811141371	0.0000148885	0.0000899513	-1.61049e-7	-2.89226e-7	76	72.3168	0.5985	52.704247	-1.238154	-1.238154	39.1363	0.057	0.057	-0.027	-0.469	0.884	-0.057	0
17497	17497	1	120	82N+82S	0.14387	0.00001	0.14479	0.00001	10.428	0.052	57.1315	41.744	25.8233	54364.738	0.123	0.9125	0.1263	0.040183	0.0222472	19.80940012	0.0329506	0.000219902326541	6.80479e-6	0.000131597	-1.61073e-7	-1.11895e-7	89	99.3385	0.2129	37.13649	-1.042209	-1.042209	39.1098	0.0537	0.0537	-0.071	-1.325	0.978	0.016	0
8921	8921	1	120	82N+82S	0.14409	0.00001	0.14539	0.00001	10.216	0.058	30.1424	29.3313	18.3762	53693.008	0.191	0.8047	0.2509	-0.0199277	0.0291366	19.7029525748	0.047605	0.000242554137574	0.0000108162	0.0030173	-1.23979e-6	-2.38412e-7	35	38.6596	0.3504	-34.998077	-0.008034	-0.008034	39.1746	0.0637	0.0637	-0.016	-0.253	0.826	-0.025	0
14024	14024	1	120	82S	0.14478	0.00001	0.146	0.00001	8.934	0.198	23.0717	19.7108	14.6349	54011.168	0.212	-1.92164	0.2009	0.0323872	0.0358546	20.193284002	0.0716565	0.000146105348046	0.0000101785	0.000837442	-2.33753e-7	-2.69579e-7	77	38.5362	0.9999	-41.801483	0.916269	0.916269	39.1811	0.0788	0.0788	-0.02	-0.248	-1.906	0.026	0
17605	17605	1	120	82S	0.14533	0.00001	0.14643	0.00001	10.839	0.049	30.1459	27.8248	15.9361	54352.605	0.883	0.799	0.4505	0.0109964	0.0403347	19.8239995608	0.0674077	0.000216978684017	0.0000139378	-0.00043242	-2.63063e-7	-4.37321e-7	24	30.317	0.1745	-50.797302	0.098361	0.098361	39.1989	0.1079	0.1079	-0.009	-0.081	0.825	0.009	0
19940	19940	1	120	82S	0.14581	0.00001	0.147	0.00001	-9	-9	51.6915	43.4175	25.2247	54407.77	0.17	1.0287	0.2092	-0.00825165	0.025213	19.5122464241	0.0505346	0.000281254757708	0.0000132938	0.000905877	-3.319e-7	-2.47662e-7	34	49.1102	0.0451976	-44.606506	-0.268549	-0.268549	39.009	0.057	0.057	-0.208	-3.648	1.325	-0.065	0
12930	12930	1	120	82N	0.14606	0.00001	0.14717	0.00001	10.896	0.055	40.1997	29.3272	18.3686	53979.691	0.364	1.8872	0.4024	0.0156581	0.0349211	19.7107651538	0.0598097	0.000240823837179	0.0000123523	0.00355161	-2.16478e-6	-3.27478e-7	29	24.6691	0.7409	-50.317291	-0.474598	-0.474598	39.2236	0.0921	0.0921	0.004	0.044	1.88	0.016	0
2308	2308	1	120	82N	0.14703	0.00001	0.148	0.00001	-9	-9	49.3421	43.4153	26.4578	53630.59	0.141	0.6713	0.1253	-0.177507	0.0217049	19.2733456108	0.0319502	0.000350490992656	9.96805e-6	0.0000958734	-3.16561e-7	-1.50997e-7	62	69.6436	0.2359	34.272732	0.2802	0.2802	39.2447	0.0555	0.0555	0.012	0.213	0.661	-0.174	0
13796	13796	1	120	82S	0.14729	0.00001	0.1487	0.00001	10.325	0.055	54.2791	47.1945	26.4573	54010.461	0.119	0.8018	0.119	-0.0199961	0.00457786	19.594924904200003	0.0243703	0.000267930706534	6.05136e-6	7.30301e-6	-1.08398e-7	-5.8628e-9	65	42.0142	0.9881	-9.308502	0.532802	0.532802	39.0664	0.0324	0.0324	-0.178	-5.486	1.211	-0.027	0
14437	14437	1	120	82S	0.14792	0.00001	0.14927	0.00001	10.186	0.117	41.7501	38.7637	24.6514	54009.898	0.124	0.6228	0.1253	-0.100815	0.0253079	19.4463681972	0.0551769	0.000307222415892	0.0000156371	0.00027318	-2.09172e-7	-2.90369e-7	76	73.425	0.5624	-27.919128	-1.196416	-1.196416	39.1433	0.0559	0.0559	-0.11	-1.966	0.697	-0.134	0
21510	21510	1	120	82N	0.14823	0.00001	0.14957	0.00001	10.642	0.056	37.4272	24.1139	15.9425	54429.461	0.306	-0.808146	0.3246	-0.152357	0.0276078	19.455667139000003	0.0362752	0.000304614290997	9.95079e-6	0.00228897	-5.47462e-7	-1.59829e-7	17	19.9545	0.3354	7.352727	0.831368	0.831368	39.112	0.0753	0.0753	-0.146	-1.938	-0.559	-0.191	0
13736	13736	1	120	82S	0.14882	0.00001	0.15021	0.00001	9.678	0.08	43.4166	37.4233	21.6847	54015.793	0.132	1.1266	0.1685	-0.025109	0.0245808	19.6600179478	0.0457892	0.000238786764566	0.0000101234	0.000419461	-3.51855e-7	-1.78553e-7	68	90.0451	0.0380725	-23.166748	1.030895	1.030895	39.2527	0.0594	0.0594	-0.015	-0.259	1.147	-0.03	0