20
0.00068896
0.00027406
0.00013419
0.00010019
1.835e-06
-3.005e-06
0.0
6.603e-05
0.0
-0.000202435
-2.172e-05
-0.00013822
-0.000183075
-0.00020315
-0.000143055
-0.000145585
-0.00014656
-0.00016403
-0.00031584
-9.1365e-05
0.00027406
0.000243235
8.7915e-05
6.7275e-05
1.533e-05
4.562e-05
0.0
4.719e-05
0.0
-0.000118615
-1.854e-05
-6.0365e-05
-9.9975e-05
-0.000116435
-6.3915e-05
-9.302e-05
-0.000111195
-9.5315e-05
-0.000195615
-5.3905e-05
0.00013419
8.7915e-05
0.00032351
0.000266225
0.00024648
0.00027596
0.0
0.000235305
0.0
-0.00017506
-4.478e-05
-4.4405e-05
-0.000205585
-0.000210515
-0.000135205
-0.0001258
-0.00012885
-0.00016492
-0.000123955
8.6565e-05
0.00010019
6.7275e-05
0.000266225
0.00030444
0.00028108
0.000371335
0.0
0.00019738
0.0
-0.00015475
-4.0595e-05
-2.242e-05
-0.000172515
-0.00017726
-9.3805e-05
-0.00011261
-0.000119225
-0.00014449
-0.000123545
5.311e-05
1.835e-06
1.533e-05
0.00024648
0.00028108
0.000491475
0.000312305
0.0
6.9805e-05
0.0
-0.000127175
-8.905e-06
-4.004e-05
-0.00012599
-0.000120995
-0.000103345
-9.729e-05
-7.1905e-05
-0.000108795
-8.2735e-05
1.022e-05
-3.005e-06
4.562e-05
0.00027596
0.000371335
0.000312305
0.001510665
0.0
0.00022237
0.0
-4.918e-05
-0.000130225
0.000133345
-0.00014379
-0.00012933
2.504e-05
-0.00013942
-0.000204865
-0.00019645
-0.000228575
5.733e-05
0.0
0.0
0.0
0.0
0.0
0.0
0.0
0.0
0.0
0.0
0.0
0.0
0.0
0.0
0.0
0.0
0.0
0.0
0.0
0.0
6.603e-05
4.719e-05
0.000235305
0.00019738
6.9805e-05
0.00022237
0.0
0.0006546
0.0
-0.00025169
-6.6415e-05
4.7915e-05
-0.000203915
-0.000236815
-6.143e-05
-8.09e-05
-0.000119775
-0.000174015
-3.045e-05
0.00026874
0.0
0.0
0.0
0.0
0.0
0.0
0.0
0.0
0.0
0.0
0.0
0.0
0.0
0.0
0.0
0.0
0.0
0.0
0.0
0.0
-0.000202435
-0.000118615
-0.00017506
-0.00015475
-0.000127175
-4.918e-05
0.0
-0.00025169
0.0
0.00049345
6.883e-05
5.282e-05
0.00013567
0.00013839
6.6535e-05
9.357e-05
0.00011137
0.00011611
7.899e-05
-0.00010565
-2.172e-05
-1.854e-05
-4.478e-05
-4.0595e-05
-8.905e-06
-0.000130225
0.0
-6.6415e-05
0.0
6.883e-05
0.000202105
1.822e-05
8.642e-05
9.182e-05
-2.92e-06
3.4275e-05
3.3715e-05
1.3965e-05
-1.9745e-05
-0.000102575
-0.00013822
-6.0365e-05
-4.4405e-05
-2.242e-05
-4.004e-05
0.000133345
0.0
4.7915e-05
0.0
5.282e-05
1.822e-05
0.000121415
7.727e-05
7.202e-05
9.094e-05
3.679e-05
-9.7e-07
3.195e-06
3.8035e-05
1.1015e-05
-0.000183075
-9.9975e-05
-0.000205585
-0.000172515
-0.00012599
-0.00014379
0.0
-0.000203915
0.0
0.00013567
8.642e-05
7.727e-05
0.000227075
0.00023219
0.000131445
9.8495e-05
8.787e-05
0.000110425
9.1735e-05
-0.000136285
-0.00020315
-0.000116435
-0.000210515
-0.00017726
-0.000120995
-0.00012933
0.0
-0.000236815
0.0
0.00013839
9.182e-05
7.202e-05
0.00023219
0.000267585
0.000142315
0.00011235
0.00010403
0.000118955
9.1545e-05
-0.000166355
-0.000143055
-6.3915e-05
-0.000135205
-9.3805e-05
-0.000103345
2.504e-05
0.0
-6.143e-05
0.0
6.6535e-05
-2.92e-06
9.094e-05
0.000131445
0.000142315
0.00014499
6.9965e-05
3.331e-05
5.7015e-05
5.627e-05
-5.696e-05
-0.000145585
-9.302e-05
-0.0001258
-0.00011261
-9.729e-05
-0.00013942
0.0
-8.09e-05
0.0
9.357e-05
3.4275e-05
3.679e-05
9.8495e-05
0.00011235
6.9965e-05
8.547e-05
7.695e-05
8.0615e-05
9.3985e-05
-3.4005e-05
-0.00014656
-0.000111195
-0.00012885
-0.000119225
-7.1905e-05
-0.000204865
0.0
-0.000119775
0.0
0.00011137
3.3715e-05
-9.7e-07
8.787e-05
0.00010403
3.331e-05
7.695e-05
0.00011963
0.000106125
0.0001115
-3.487e-05
-0.00016403
-9.5315e-05
-0.00016492
-0.00014449
-0.000108795
-0.00019645
0.0
-0.000174015
0.0
0.00011611
1.3965e-05
3.195e-06
0.000110425
0.000118955
5.7015e-05
8.0615e-05
0.000106125
0.00014124
0.00011055
-4.4035e-05
-0.00031584
-0.000195615
-0.000123955
-0.000123545
-8.2735e-05
-0.000228575
0.0
-3.045e-05
0.0
7.899e-05
-1.9745e-05
3.8035e-05
9.1735e-05
9.1545e-05
5.627e-05
9.3985e-05
0.0001115
0.00011055
0.000266935
0.000123565
-9.1365e-05
-5.3905e-05
8.6565e-05
5.311e-05
1.022e-05
5.733e-05
0.0
0.00026874
0.0
-0.00010565
-0.000102575
1.1015e-05
-0.000136285
-0.000166355
-5.696e-05
-3.4005e-05
-3.487e-05
-4.4035e-05
0.000123565
0.00035443
